R_obs=0.15
R_sys=0.3

Obstacle position:
x_obs=0.6
y_obs=0.8
z_obs=0.3

Initial
q_1=Matrix([[0],[0],[0],[0],[0],[1.5],[0],[0]]) #initial posture

pose_goal=Matrix([[1],[1],[0.4],[1],[2],[3]])   #pose goal


Figure 1=========================================================================================================================
PSI
[-0.0139786942354905, -0.0279135871980231, -0.0418045772492339, -0.0556515721899246, -0.0694544881370583, -0.0832132485619956, -0.0969277834628302, -0.110598028648884, -0.124223925119505, -0.137805418522550, -0.151342458680516, -0.164834999174365, -0.178282996976753, -0.191686412127737, -0.205045207447148, -0.218359348278726, -0.231628802261861, -0.244853539127421, -0.258033530514631, -0.271168749806461, -0.284259171981267, -0.297304773478804, -0.310305532078940, -0.323261426791657, -0.336172437757064, -0.349038546154364, -0.361859734118808, -0.374635984665797, -0.387367281621413, -0.400053609558724, -0.412694953739293, -0.425291300059385, -0.437842635000426, -0.450348945583313, -0.462810219326227, -0.475226444205616, -0.487597608620088, -0.499923701356936, -0.512204711561082, -0.524440628706241, -0.536631442568093, -0.548737805698527, -0.560727363203776, -0.572649473182490, -0.584516177371977, -0.596332120280260, -0.608099630964970, -0.619820060994025, -0.631494271394181, -0.643122847413955, -0.654706206219951, -0.666244656137016, -0.677738431600030, -0.689187714942859, -0.700592650599242, -0.711953354704057, -0.723269921787884, -0.734542429568960, -0.745770942461734, -0.756955514196894, -0.768096189812051, -0.777505061938042, -0.786867278280428, -0.796184072796304, -0.805456390394674, -0.814684989325244, -0.823870501900881, -0.833013472556397, -0.842114382793656, -0.851173668150028, -0.860191730110368, -0.869168944700459, -0.878105668837112, -0.887002245122573, -0.895859005535835, -0.904676274326359, -0.913454370321014, -0.922193608792584, -0.930894302996095, -0.939556765450203, -0.948181309020632, -0.956768247848152, -0.965317898153184, -0.973830578941400, -0.982306612629051, -0.990746325602407, -0.999150048722457, -1.00751811778350, -1.01585087393227, -1.02414866405267, -1.03241184112010, -1.04064076452796, -1.04883580038875, -1.05699732181080, -1.06512570915161, -1.07322135024803, -1.08128464062328, -1.08931598367031, -1.09731579081073, -1.10528448162847, -1.11322248397673, -1.12113023405695, -1.12900817646816, -1.13685676422502, -1.14467645874268, -1.15246772978650, -1.16023105538483, -1.16796692170260, -1.17567582287398, -1.18335826079194, -1.19101474485300, -1.19864579165524, -1.20625192464809, -1.21383367373229, -1.22139157480895, -1.22892616927664, -1.23643800347595, -1.24392762808111, -1.25139559743891, -1.25884246885529, -1.26626880183077, -1.27367515724601, -1.28106209649972, -1.28843018060139, -1.29577996922202, -1.30311201970666, -1.31042688605294, -1.31772511786065, -1.32500725925774, -1.33227384780868, -1.33952541341180, -1.34676247719225, -1.35398555039812, -1.36119513330698, -1.36839171415066, -1.37557576806613, -1.38274775608001, -1.38990812413461, -1.39705730216245, -1.40419570321644, -1.41132372266182, -1.41844173743554, -1.42555010537776, -1.43264916463926, -1.43973923316730, -1.44682060827131, -1.45389356626838, -1.46095836220699, -1.46801522966600, -1.47506438062402, -1.48210600539289, -1.48914027260690, -1.49616732925809, -1.50318730076563, -1.51020029106610, -1.51720638270955, -1.52420563694462, -1.53119809377463, -1.53818377196517, -1.54516266898266, -1.55213476084220, -1.55910000184258, -1.56605832416582, -1.57300963731860, -1.57995382739336, -1.58689075612744, -1.59382025974041, -1.60074214753108, -1.60765620021871, -1.61456216801585, -1.62145976842431, -1.62834868375064, -1.63522855834285, -1.64209899555691, -1.64895955446857, -1.65580974635444, -1.66264903097516, -1.66947681270310, -1.67629243654725, -1.68309518413865, -1.68988426975007, -1.69665883643453, -1.70341795237692, -1.71016060756197, -1.71688571086945, -1.72359208771296, -1.73027847834181, -1.73694353692566, -1.74358583153801, -1.75020384514763, -1.75679597771528, -1.76336054947701, -1.76989580547518, -1.77639992137330, -1.78287101056225, -1.78930713253401, -1.79570630246437, -1.80206650191150, -1.80838569050193, -1.81466181844213, -1.82089283966386, -1.82707672538569, -1.83321147785359, -1.83929514401092, -1.84532582884347, -1.85130170814920, -1.85722104049405, -1.86308217813542, -1.86888357672229, -1.87462380361356, -1.88030154469422, -1.88591560960902, -1.89146493537471, -1.89694858837270, -1.90236576476245, -1.90771578939043, -1.91299811329991, -1.91821230997110, -1.92335807044003, -1.92843519745687, -1.93344359885145, -1.93838328027452, -1.94325433748019, -1.94805694830679, -1.95279136450274, -1.95745790353017, -1.96205694046419, -1.96658890008917, -1.97105424927742, -1.97545348971904, -1.97978715105676, -1.98405578446478, -1.98825995669799, -1.99240024462585, -1.99647723025560, -2.00049149624058, -2.00444362186237, -2.00833417946995, -2.01216373135437, -2.01593282703445, -2.01964200092659, -2.02329177037036, -2.02688263398108, -2.03041507030043, -2.03388953671667, -2.03730646862685, -2.04066627881467, -2.04396935701886, -2.04721574574743, -2.05039012789979, -2.05348667431964, -2.05651139265767, -2.05946872644661, -2.06236124286822, -2.06519051857091, -2.06795760793452, -2.07066326942346, -2.07330808081993, -2.07589250185657, -2.07841691035754, -2.08088162420227, -2.08328691528513, -2.08563301874443, -2.08792013928372, -2.09014845564561, -2.09231812387805, -2.09442927979237, -2.09648204087005, -2.09847650778828, -2.10041276568013, -2.10229088521070, -2.10411092352890, -2.10587292514052, -2.10757692274004, -2.10922293803483, -2.11081098259411, -2.11234105875808, -2.11381316064777, -2.11522727532603, -2.11658338417510, -2.11788146457778, -2.11912149202226, -2.12030344279831, -2.12142729752469, -2.12249304585727, -2.12350069289684, -2.12445026808524, -2.12534183781742, -2.12617552373380, -2.12695152993862, -2.12767018470776, -2.12833200664755, -2.12893781409074, -2.12948891546957, -2.13317642619651, -2.13625031094515, -2.13868715596801, -2.14045303448460, -2.14149192978820, -2.14167716050901]
()
()
THETA
[1.49762477590392, 1.49525761644994, 1.49289851810169, 1.49054747729030, 1.48820449041679, 1.48586955385454, 1.48354266395173, 1.48122381703364, 1.47891300940505, 1.47661023735249, 1.47431549714653, 1.47202878504399, 1.46975009729013, 1.46747943012080, 1.46521677976452, 1.46296214244460, 1.46071551438112, 1.45847689179293, 1.45624627089963, 1.45402364792342, 1.45180901909102, 1.44960238063546, 1.44740372879789, 1.44521305982928, 1.44303036999219, 1.44085565556236, 1.43868891283038, 1.43653013810324, 1.43437932770589, 1.43223647798270, 1.43010158529896, 1.42797464604228, 1.42585565662392, 1.42374461348020, 1.42164151307375, 1.41954635189475, 1.41745912646218, 1.41537983332498, 1.41330846906319, 1.41124503028903, 1.40918951364800, 1.40714170860675, 1.40510141144999, 1.40306885764162, 1.40104410087066, 1.39902715937287, 1.39701804060039, 1.39501674760020, 1.39302328129469, 1.39103764147015, 1.38905982726390, 1.38708983742782, 1.38512767048114, 1.38317332480407, 1.38122679869781, 1.37928809042443, 1.37735719823413, 1.37543412038449, 1.37351885515420, 1.37161140085316, 1.36971175582998, 1.36760992724790, 1.36551975452849, 1.36344130033765, 1.36137461713566, 1.35931975161634, 1.35727674730599, 1.35524564617474, 1.35322648968388, 1.35121931949417, 1.34922417796138, 1.34724110849329, 1.34527015581341, 1.34331136615993, 1.34136478743830, 1.33943046933981, 1.33750846343411, 1.33559882324173, 1.33370160428997, 1.33181686415538, 1.32994466249422, 1.32808506106255, 1.32623812372659, 1.32440391646389, 1.32258250735572, 1.32077396657071, 1.31897836633971, 1.31719578092188, 1.31542628656155, 1.31366996143585, 1.31192688559259, 1.31019714087808, 1.30848081085443, 1.30677798070600, 1.30508873713444, 1.30341316824181, 1.30175136340149, 1.30010341311618, 1.29846940886268, 1.29684944292291, 1.29524360820077, 1.29365199802436, 1.29207470593332, 1.29051182545082, 1.28896344983999, 1.28742967184453, 1.28591058341344, 1.28440627540967, 1.28291683730280, 1.28144235684585, 1.27998291973637, 1.27853860926229, 1.27710950593282, 1.27569568709515, 1.27429722653754, 1.27291419407978, 1.27154665515199, 1.27019467036290, 1.26885829505902, 1.26753757887609, 1.26623256528438, 1.26494329112978, 1.26366978617224, 1.26241207262388, 1.26117016468856, 1.25994406810530, 1.25873377969755, 1.25753928693075, 1.25636056748027, 1.25519758881199, 1.25405030777770, 1.25291867022731, 1.25180261063983, 1.25070205177479, 1.24961690434579, 1.24854706671722, 1.24749242462546, 1.24645285092504, 1.24542820536032, 1.24441833436256, 1.24342307087224, 1.24244223418574, 1.24147562982544, 1.24052304943172, 1.23958427067504, 1.23865905718597, 1.23774715850081, 1.23684831001990, 1.23596223297596, 1.23508863440917, 1.23422720714605, 1.23337762977890, 1.23253956664284, 1.23171266778756, 1.23089656894139, 1.23009089146538, 1.22929524229597, 1.22850921387539, 1.22773238406948, 1.22696431607414, 1.22620455831198, 1.22545264432267, 1.22470809265142, 1.22397040674172, 1.22323907484020, 1.22251356992314, 1.22179334965609, 1.22107785640025, 1.22036651728111, 1.21965874433702, 1.21895393476757, 1.21825147130343, 1.21755072272145, 1.21685104453012, 1.21615177985214, 1.21545226053157, 1.21475180849324, 1.21404973738212, 1.21334535450899, 1.21263796312670, 1.21192686505833, 1.21121136369431, 1.21049076736979, 1.20976439312722, 1.20903157086031, 1.20829164782680, 1.20754399350611, 1.20678800476705, 1.20602311129769, 1.20524878123720, 1.20446452693647, 1.20366991076187, 1.20286455084565, 1.20204812667651, 1.20122038441675, 1.20038114182789, 1.19953029268546, 1.19866781056630, 1.19779375189842, 1.19690825817425, 1.19601155724291, 1.19510396361587, 1.19418587774182, 1.19325778423098, 1.19232024903463, 1.19137391561190, 1.19041950014142, 1.18945778585942, 1.18848961662722, 1.18751588984882, 1.18653754887287, 1.18555557502237, 1.18457097939948, 1.18358479461235, 1.18259806656553, 1.18161184644658, 1.18062718302870, 1.17964511539439, 1.17866666616775, 1.17769283532525, 1.17672459463638, 1.17576288276769, 1.17480860106694, 1.17386261002834, 1.17292572642648, 1.17199872109477, 1.17108231731449, 1.17017718977335, 1.16928396404677, 1.16840321655158, 1.16753547491994, 1.16668121874092, 1.16584088061777, 1.16501484749093, 1.16420346217933, 1.16340702509569, 1.16262579609506, 1.16185999641971, 1.16110981070731, 1.16037538903326, 1.15965684896164, 1.15895427758318, 1.15826773352154, 1.15759724889281, 1.15694283120559, 1.15630446519176, 1.15568211456032, 1.15507572366862, 1.15448647518320, 1.15397495851026, 1.15356063819555, 1.15321534470046, 1.15291874230853, 1.15265909832812, 1.15242926096334, 1.15222452224746, 1.15204156776266, 1.15187793162792, 1.15173169433932, 1.15160130495746, 1.15148547100160, 1.15138308725790, 1.15129318801532, 1.15121491397569, 1.15114748867148, 1.15109020122481, 1.15104239344113, 1.15100344992840, 1.15097279036391, 1.15094986330595, 1.15093414112580, 1.15092511575447, 1.15092229501768, 1.15092519938670, 1.15093335900837, 1.15094631090118, 1.15096359621750, 1.15098475747836, 1.15100933568482, 1.15103686720154, 1.15106688028925, 1.15109889113394, 1.15113239917448, 1.15116688146187, 1.15120178567892, 1.15123652128967, 1.15127044803777, 1.15130286061337, 1.15133296764661, 1.15135986205541, 1.15138247775985, 1.15139952400636, 1.15140938108059, 1.15140992534696, 1.14832523947135, 1.14578626794258, 1.14380872563673, 1.14241444158121, 1.14163769540958, 1.14155107988578]
()
()
PHI
[-0.00116466844731643, -0.00232578582774022, -0.00348324171951544, -0.00463693526646533, -0.00578677406055141, -0.00693267318557227, -0.00807455439486356, -0.00921234540105492, -0.0103459792600263, -0.0114753938344448, -0.0126005313248473, -0.0137213378583067, -0.0148377631263964, -0.0159497600655262, -0.0170572845738351, -0.0181602952597344, -0.0192587532179519, -0.0203526218295430, -0.0214418665828599, -0.0225264549128970, -0.0236063560567974, -0.0246815409236096, -0.0257519819766405, -0.0268176531269752, -0.0278785296369123, -0.0289345880322311, -0.0299858060223377, -0.0310321624274568, -0.0320736371121357, -0.0331102109244161, -0.0341418656401009, -0.0351685839116145, -0.0361903492210065, -0.0372071458367027, -0.0382189587736477, -0.0392257737565246, -0.0402275771857692, -0.0412243561061242, -0.0422160981775098, -0.0432027916480032, -0.0441844253287469, -0.0451998053118139, -0.0462809228845733, -0.0473790979279153, -0.0484824387437299, -0.0495863467869892, -0.0506885064813253, -0.0517875662472379, -0.0528826585055048, -0.0539731879901199, -0.0550587255934537, -0.0561389499692527, -0.0572136130723540, -0.0582825186700262, -0.0593455083310025, -0.0604024519472460, -0.0614532411203122, -0.0624977844229377, -0.0635360039257471, -0.0645678326000432, -0.0655932123412886, -0.0682911714116893, -0.0709869524571644, -0.0736793094267594, -0.0763672831591798, -0.0790500999588588, -0.0817271114332487, -0.0843977567721370, -0.0870615380118894, -0.0897180031979149, -0.0923667345539259, -0.0950073399372356, -0.0976394465155448, -0.100262695984387, -0.102876740877091, -0.105481241664771, -0.108075864437566, -0.110660279020196, -0.113234157416595, -0.115797172507042, -0.118348996941333, -0.120889302185813, -0.123417757692463, -0.125934030165799, -0.128437782909004, -0.130928675234945, -0.133406361930981, -0.135870492768959, -0.138320712053739, -0.140756658205161, -0.143177963369546, -0.145584253057885, -0.147975145808634, -0.150350252873734, -0.152709177927048, -0.155051516794869, -0.157376857208584, -0.159684778579917, -0.161974851799513, -0.164246639059855, -0.166499693703783, -0.168733560100068, -0.170947773547668, -0.173141860210479, -0.175315337084463, -0.177467711999201, -0.179598483655927, -0.181707141704190, -0.183793166859280, -0.185856031062538, -0.187895197686628, -0.189910121787735, -0.191900250406565, -0.193865022919818, -0.195803871443610, -0.197716221290085, -0.199601491478129, -0.201459095298796, -0.203288440935634, -0.205088932139711, -0.206859968958638, -0.208600948518417, -0.210311265856375, -0.211990314802892, -0.213637488909047, -0.215252182416694, -0.216833791266874, -0.218381714141873, -0.219895353535625, -0.221374116846628, -0.222817417486981, -0.224224676000708, -0.225595321184097, -0.226928791200489, -0.228224534681677, -0.229482011807960, -0.230700695358882, -0.231880071726781, -0.233019641885523, -0.234118922307168, -0.235177445819876, -0.236194762401005, -0.237170439900221, -0.238104064688402, -0.238995242229265, -0.239843597571905, -0.240648775763837, -0.241410442185662, -0.242128282810090, -0.242802004389786, -0.243431334580282, -0.244016022006041, -0.244555836279652, -0.245050567985998, -0.245500028645115, -0.245904050669306, -0.246262487331787, -0.246575212765855, -0.246842122015023, -0.247063131155977, -0.247238177517284, -0.247367220017708, -0.247450239648534, -0.247487240124525, -0.247478248727955, -0.247423317369462, -0.247322523888290, -0.247175973612650, -0.246983801198449, -0.246746172761402, -0.246463288313495, -0.246135384509856, -0.245762737706268, -0.245345667320766, -0.244884539485022, -0.244379770962543, -0.243831833301105, -0.243241257176458, -0.242608636873289, -0.241934634837864, -0.241219986225073, -0.240465503350895, -0.239672079950185, -0.238840695129432, -0.237972416895352, -0.237068405133359, -0.236129913905722, -0.235158292938064, -0.234154988165442, -0.233121541215967, -0.232059587721184, -0.230970854358548, -0.229857154552244, -0.228720382784264, -0.227562507497581, -0.226385562606847, -0.225191637668279, -0.223982866798185, -0.222761416467456, -0.221529472335798, -0.220289225322919, -0.219042857142659, -0.217792525548757, -0.216540349556322, -0.215288394910137, -0.214038660069239, -0.212793062966577, -0.211553428783374, -0.210321478950900, -0.209098821558848, -0.207886943310971, -0.206687203126719, -0.205500827444236, -0.204328907236941, -0.203172396714838, -0.202032113644024, -0.200908741184947, -0.199802831122540, -0.198714808340021, -0.197644976373135, -0.196593523872697, -0.195560531800205, -0.194545981183412, -0.193549761265296, -0.192571677890127, -0.191611461983383, -0.190668777997271, -0.189743232209891, -0.188834380782771, -0.187941737498210, -0.187064781113897, -0.186202962287422, -0.185355710037171, -0.184522437718561, -0.183702548505530, -0.182895440376619, -0.182100510612884, -0.181317159821316, -0.180544795502611, -0.179782835185997, -0.179030709156672, -0.178287862803273, -0.177553758613883, -0.176827877849447, -0.176109721923348, -0.175398813515235, -0.174694697446301, -0.173996941341933, -0.173305582949267, -0.172641837374532, -0.172013497873969, -0.171411880546190, -0.170830593865415, -0.170265941409007, -0.169715653968389, -0.169178217682816, -0.168652547707028, -0.168137821193756, -0.167633386018137, -0.167138707823889, -0.166653337676138, -0.166176891405642, -0.165709035898728, -0.165249479678979, -0.164797966231195, -0.164354269128380, -0.163918188373144, -0.163489547573461, -0.163068191700435, -0.162653985255841, -0.162246810728433, -0.161846567251038, -0.161453169391658, -0.161066546024973, -0.160686639237965, -0.160313403226118, -0.159946803135261, -0.159586813798612, -0.159233418308207, -0.158886606343438, -0.158546372154471, -0.158212712061372, -0.157885621274741, -0.157565089761235, -0.157251096751852, -0.156943603296111, -0.156642541956262, -0.156347802232237, -0.156059209462998, -0.155776493481102, -0.155499240639576, -0.155226817788642, -0.154958246663447, -0.154691985417080, -0.150798041666402, -0.147505590358011, -0.144854098144500, -0.142897111695142, -0.141717190049756, -0.141487650694157]
()
()

Figure 3=========================================================================================================================
t1
[0.00688229855119372, 0.0137447379422184, 0.0205872769521477, 0.0274098748259204, 0.0342124912716815, 0.0409950864580417, 0.0477576210112635, 0.0545000560123787, 0.0612223529942428, 0.0679244739385286, 0.0746063812726649, 0.0812680378667228, 0.0879094070302555, 0.0945304525090879, 0.101131138482069, 0.107711429557780, 0.114271290771211, 0.120810687580394, 0.127329585863012, 0.133827951912971, 0.140305752436951, 0.146762954550923, 0.153199525776645, 0.159615434038139, 0.166010647658138, 0.172385135354523, 0.178738866236737, 0.185071809802184, 0.191383935932614, 0.197675214890495, 0.203945617315370, 0.210195114220207, 0.216423676987736, 0.222631277366783, 0.228817887468594, 0.234983479763148, 0.241128027075474, 0.247251502581960, 0.253353879806656, 0.259435132617583, 0.265495235223031, 0.270316257247319, 0.272887469615167, 0.274721326811530, 0.276185779818636, 0.277422371487354, 0.278501958248024, 0.279465631637245, 0.280339583395637, 0.281141649284077, 0.281884584560548, 0.282577862478880, 0.283228733557275, 0.283842884816678, 0.284424868745114, 0.284978392878505, 0.285506521422299, 0.286011819378136, 0.286496457939843, 0.286962293109851, 0.287410925372220, 0.288726190243327, 0.289930434391577, 0.291045286483865, 0.292086324409433, 0.293065189464577, 0.293990839580268, 0.294870334086516, 0.295709347303093, 0.296512517099558, 0.297283688773677, 0.298026090171835, 0.298742460281049, 0.299435145513212, 0.300106173044886, 0.300757307535439, 0.301390095589528, 0.302005901039282, 0.302605933251356, 0.303191270065688, 0.303762876553994, 0.304321620488089, 0.304868285193112, 0.305403580303311, 0.305928150821519, 0.306442584796049, 0.306947419862625, 0.307443148848315, 0.307930224595417, 0.308409064132839, 0.308880052298623, 0.309343544898462, 0.309799871469980, 0.310249337710555, 0.310692227616725, 0.311128805375377, 0.311559317040447, 0.311983992023657, 0.312403044423398, 0.312816674212338, 0.313225068301303, 0.313628401494494, 0.314026837349003, 0.314420528949834, 0.314809619610130, 0.315194243505045, 0.315574526246623, 0.315950585406132, 0.316322530989485, 0.316690465870733, 0.317054486188002, 0.317414681705757, 0.317771136146808, 0.318123927497129, 0.318473128286171, 0.318818805845108, 0.319161022545141, 0.319499836017803, 0.319835299358961, 0.320167461318054, 0.320496366473928, 0.320822055398487, 0.321144564809242, 0.321463927711723, 0.321780173532604, 0.322093328244304, 0.322403414481707, 0.322710451651612, 0.323014456035402, 0.323315440885384, 0.323613416515184, 0.323908390384542, 0.324200367178791, 0.324489348883299, 0.324775334853093, 0.325058321877904, 0.325338304242839, 0.325615273784899, 0.325889219945584, 0.326160129819827, 0.326427988201564, 0.326692777626258, 0.326954478410792, 0.327213068691178, 0.327468524458638, 0.327720819594675, 0.327969925905895, 0.328215813159403, 0.328458449119762, 0.328697799588603, 0.328933828448120, 0.329166497709830, 0.329395767570103, 0.329621596474131, 0.329843941190127, 0.330062756895672, 0.330277997278291, 0.330489614652379, 0.330697560094759, 0.330901783601154, 0.331102234265939, 0.331298860487499, 0.331491610201484, 0.331680431144163, 0.331865271147921, 0.332046078470699, 0.332222802160928, 0.332395392459117, 0.332563801236791, 0.332727982472969, 0.332887892767715, 0.333043491891573, 0.333194743368909, 0.333341615092236, 0.333484079963660, 0.333622116558500, 0.333755709805044, 0.333884851673259, 0.334009541864113, 0.334129788490056, 0.334245608736115, 0.334357029490079, 0.334464087929429, 0.334566832051987, 0.334665321136867, 0.334759626122147, 0.334849829885905, 0.334936027417822, 0.335018325869510, 0.335096844473170, 0.335171714320000, 0.335243077992076, 0.335311089044098, 0.335375911334465, 0.335437718208456, 0.335496691539835, 0.335553020640816, 0.335606901053882, 0.335658533242349, 0.335708121199610, 0.335755870999607, 0.335801989313044, 0.335846681915187, 0.335890152211593, 0.335932599807824, 0.335974219148093, 0.336015198245881, 0.336055717526954, 0.336095948802040, 0.336136054382747, 0.336176186350370, 0.336216485983171, 0.336257083343670, 0.336298097023672, 0.336339634041210, 0.336381789880570, 0.336424648663964, 0.336468283441480, 0.336512756584516, 0.336558120267096, 0.336604417019154, 0.336651680336107, 0.336699935329590, 0.336749199405198, 0.336799482954277, 0.336850790048152, 0.336903119124687, 0.336956463658595, 0.337010812808398, 0.337066152034435, 0.337122463683638, 0.337179727538071, 0.337237921325328, 0.337297021189880, 0.337357002125276, 0.337417838367824, 0.337479503752933, 0.337541972035770, 0.337605217178208, 0.337669213604301, 0.337733936426710, 0.337799361646569, 0.337865466329363, 0.337932228759373, 0.337999628575211, 0.338067646888910, 0.338136266390979, 0.338205471443722, 0.338275290161901, 0.338347756624066, 0.338423708462591, 0.338502430218019, 0.338583398153447, 0.338666331799305, 0.338751081710415, 0.338837569344581, 0.338925757956094, 0.339015637883102, 0.339107218709732, 0.339200524930814, 0.339295593525565, 0.339392472642915, 0.339491220979476, 0.339591907621943, 0.339694612227614, 0.339799425474398, 0.339906449746491, 0.340015800044695, 0.340127605126794, 0.340242008896854, 0.340359172074815, 0.340479274190744, 0.340602515962937, 0.340729122136931, 0.340859344884923, 0.340993467894035, 0.341131811309922, 0.341274737753033, 0.341422659693735, 0.341576048567187, 0.341735446140855, 0.341901478834475, 0.342074875961292, 0.342256493253584, 0.342447343624686, 0.342648638019720, 0.342861840616147, 0.343088744902000, 0.343331580921755, 0.343593170449491, 0.343877158440751, 0.344188370904010, 0.344533392688311, 0.344921551084669, 0.344970029745374, 0.345010292062441, 0.345042056497194, 0.345064905562500, 0.345078148586260, 0.345080253631475]
()
()
t2
[1.49838391984383, 1.49678003983653, 1.49518836776522, 1.49360890898010, 1.49204166643385, 1.49048664072122, 1.48894383011879, 1.48741323062503, 1.48589483600038, 1.48438863780751, 1.48289462545162, 1.48141278622090, 1.47994310532685, 1.47848556594481, 1.47704014925432, 1.47560683447957, 1.47418559892967, 1.47277641803896, 1.47137926540718, 1.46999411283949, 1.46862093038645, 1.46725968638379, 1.46591034749202, 1.46457287873587, 1.46324724354360, 1.46193340378598, 1.46063131981516, 1.45934095050328, 1.45806225328076, 1.45679518417446, 1.45553969784549, 1.45429574762672, 1.45306328556008, 1.45184226243351, 1.45063262781756, 1.44943433010179, 1.44824731653073, 1.44707153323955, 1.44590692528937, 1.44475343670228, 1.44361101049592, 1.44248235130994, 1.44136973480531, 1.44026947689434, 1.43918060216367, 1.43810268799475, 1.43703548825656, 1.43597883245670, 1.43493258846873, 1.43389664586258, 1.43287090743899, 1.43185528451985, 1.43084969414253, 1.42985405729693, 1.42886829777016, 1.42789234136310, 1.42692611534436, 1.42596954806108, 1.42502256865646, 1.42408510686178, 1.42315709284170, 1.42074148358399, 1.41841202212579, 1.41616978105773, 1.41401581967761, 1.41195119989088, 1.40997699454247, 1.40809429196038, 1.40630419848499, 1.40460783986976, 1.40300636201718, 1.40150093130193, 1.40009273462109, 1.39878297925029, 1.39757289254959, 1.39646372154281, 1.39545673238174, 1.39455320969918, 1.39375445585018, 1.39306179003759, 1.39247654731628, 1.39200007746883, 1.39163374374462, 1.39137892145360, 1.39123699640533, 1.39120936318374, 1.39129742324762, 1.39150258284647, 1.39182625074162, 1.39226983572191, 1.39283474390353, 1.39352237580352, 1.39433412317658, 1.39527136560489, 1.39633546683101, 1.39752777082436, 1.39884959757196, 1.40030223858497, 1.40188695211320, 1.40360495806042, 1.40545743259453, 1.40744550244766, 1.40957023890246, 1.41183265146271, 1.41423368120738, 1.41677419382991, 1.41945497236572, 1.42227670961379, 1.42524000026020, 1.42834533271427, 1.43159308067061, 1.43498349441347, 1.43851669188272, 1.44219264952412, 1.44601119294979, 1.44997198743842, 1.45407452830791, 1.45831813119698, 1.46270192229559, 1.46722482856746, 1.47188556801132, 1.47668264001081, 1.48161431582576, 1.48667862928037, 1.49187336770637, 1.49719606320127, 1.50264398426339, 1.50821412786714, 1.51390321204231, 1.51970766902208, 1.52562363902417, 1.53164696472908, 1.53777318651851, 1.54399753853560, 1.55031494562685, 1.55672002122367, 1.56320706621882, 1.56977006889078, 1.57640270592617, 1.58309834458759, 1.58985004607189, 1.59665057010096, 1.60349238078514, 1.61036765379736, 1.61726828489431, 1.62418589982024, 1.63111186562783, 1.63803730345075, 1.64495310276267, 1.65184993715795, 1.65871828169062, 1.66554843180894, 1.67233052392444, 1.67905455765519, 1.68571041978369, 1.69228790996987, 1.69877676825896, 1.70516670442162, 1.71144742916042, 1.71760868721116, 1.72364029236014, 1.72953216438834, 1.73527436794087, 1.74085715330446, 1.74627099905694, 1.75150665653068, 1.75655519600658, 1.76140805452675, 1.76605708518178, 1.77049460769397, 1.77471346007995, 1.77870705113619, 1.78246941344854, 1.78599525658388, 1.78928002007715, 1.79231992578281, 1.79511202911612, 1.79765426866670, 1.79994551362761, 1.80198560844572, 1.80377541406749, 1.80531684512688, 1.80661290240240, 1.80766769985762, 1.80848648557697, 1.80907565591621, 1.80944276220743, 1.80959650939243, 1.80954674600813, 1.80930444501412, 1.80888167503736, 1.80829156171288, 1.80754823892257, 1.80666678987689, 1.80566317814464, 1.80455416891258, 1.80335724094541, 1.80209048991455, 1.80077252396337, 1.79942235257359, 1.79805926998234, 1.79670273456605, 1.79537224574771, 1.79408722009076, 1.79286686830953, 1.79173007494929, 1.79069528246320, 1.78978038134112, 1.78900260782469, 1.78837845058076, 1.78792356750515, 1.78765271359948, 1.78757968061397, 1.78771724888807, 1.78807715155904, 1.78867005105465, 1.78950552754899, 1.79059207884724, 1.79193713098116, 1.79354705864630, 1.79542721449641, 1.79758196623035, 1.80001474036111, 1.80272807154306, 1.80572365634798, 1.80900241042060, 1.81256452800339, 1.81640954289659, 1.82053639000569, 1.82494346672313, 1.82962869348867, 1.83458957297101, 1.83982324740926, 1.84532655374492, 1.85109607626023, 1.85712819651847, 1.86341914047233, 1.86996502267029, 1.87676188754605, 1.88380574782393, 1.89109262011320, 1.89861855779847, 1.90637968136025, 1.91437220628242, 1.92259246872047, 1.93103694911840, 1.93970229397185, 1.94858533594358, 1.95765175387986, 1.96539272779096, 1.97128573170314, 1.97596365114104, 1.97987977157206, 1.98328789379348, 1.98633671376797, 1.98911956580595, 1.99169864439128, 1.99411745625607, 1.99640766030900, 1.99859305637646, 2.00069203327845, 2.00271913792997, 2.00468611900071, 2.00660264365497, 2.00847680379265, 2.01031548270476, 2.01212462680844, 2.01390945144744, 2.01567460008960, 2.01742427014762, 2.01916231470212, 2.02089232680880, 2.02261771134229, 2.02434174817738, 2.02606764975293, 2.02779861559560, 2.02953788613491, 2.03128879808507, 2.03305484379637, 2.03483973730520, 2.03664749038276, 2.03848250277886, 2.04034967221394, 2.04225453171093, 2.04420342494105, 2.04620373498758, 2.04826418934135, 2.05039527584663, 2.05260982402369, 2.05492383997472, 2.05735774337949, 2.05993826797637, 2.06270151057989, 2.06569808817704, 2.06255704005093, 2.05996664454827, 2.05794360646506, 2.05651131469524, 2.05570689610754, 2.05560985760896]
()
()
t3
[-0.000759094224291328, -0.00152221869220318, -0.00228937613983054, -0.00306056711262700, -0.00383579000178791, -0.00461504108073181, -0.00539831454166918, -0.00618560253224635, -0.00697689519225144, -0.00777218069036814, -0.00857144526096294, -0.00937467324089063, -0.0101818471063033, -0.0109929475094470, -0.0118079533154313, -0.0126268416389564, -0.0134495878809821, -0.0142761657653250, -0.0151065473751677, -0.0159407031894674, -0.0167786021192475, -0.0176202115437612, -0.0184654973465106, -0.0193144239511112, -0.0201669543569867, -0.0210230501748828, -0.0218826716621883, -0.0227457777580510, -0.0236123261182781, -0.0244822731500097, -0.0253555740461548, -0.0262321828195809, -0.0271120523370463, -0.0279951343528663, -0.0288813795423045, -0.0297707375346811, -0.0306631569461886, -0.0315585854124098, -0.0324569696205275, -0.0333582553412215, -0.0342623874602450, -0.0351719901042319, -0.0360892630435315, -0.0370106168505311, -0.0379351002907937, -0.0388623010752877, -0.0397919792312684, -0.0407239687757384, -0.0416581413485067, -0.0425943899357229, -0.0435326205973113, -0.0444727478608645, -0.0454146919748119, -0.0463583771805872, -0.0473037305786565, -0.0482506813583381, -0.0491991602598764, -0.0501490991900406, -0.0511004309422620, -0.0520530889897971, -0.0530070073310499, -0.0526513384519918, -0.0523679176175196, -0.0521577376166615, -0.0520217877787805, -0.0519610662251998, -0.0519765860695555, -0.0520693786464303, -0.0522404951933122, -0.0524910076859924, -0.0528220091869961, -0.0532346138975022, -0.0537299570152867, -0.0543091944537702, -0.0549735024508051, -0.0557240770807075, -0.0565621336741641, -0.0574889061453260, -0.0585056462221461, -0.0596136225739695, -0.0608141198290724, -0.0621084374739672, -0.0634978886256829, -0.0649837986677986, -0.0665675037406782, -0.0682503490761046, -0.0700336871663198, -0.0719188757573262, -0.0739072756562028, -0.0760002483421325, -0.0781991533708222, -0.0805053455620469, -0.0829201719601495, -0.0854449685575093, -0.0880810567712415, -0.0908297396637365, -0.0936922978980887, -0.0966699854200110, -0.0997640248585049, -0.102975602638349, -0.106305863798409, -0.109755906510856, -0.113326776297620, -0.117019459941826, -0.120834879093528, -0.124773883570820, -0.128837244359361, -0.133025646315457, -0.137339680580154, -0.141779836714321, -0.146346494567308, -0.151039915894662, -0.155860235743294, -0.160807453625676, -0.165881424507818, -0.171081849639137, -0.176408267255680, -0.181860043191589, -0.187436361437097, -0.193136214684671, -0.198958394908211, -0.204901484023335, -0.210963844679701, -0.217143611239091, -0.223438680995395, -0.229846705694820, -0.236365083416402, -0.242990950874370, -0.249721176204886, -0.256552352300270, -0.263480790753999, -0.270502516479454, -0.277613263064684, -0.284808468924366, -0.292083274308663, -0.299432519226878, -0.306850742341791, -0.314332180888297, -0.321870771667651, -0.329460153166204, -0.337093668845226, -0.344764371646186, -0.352465029753893, -0.360188133658219, -0.367925904553767, -0.375670304115888, -0.383413045690944, -0.391145606938546, -0.398859243963779, -0.406545006978004, -0.414193757527628, -0.421796187331176, -0.429342838765835, -0.436824127045278, -0.444230364130688, -0.451551784416333, -0.458778572229384, -0.465900891180790, -0.472908915399431, -0.479792862675291, -0.486543029528652, -0.493149828211031, -0.499603825629463, -0.505895784168647, -0.512016704365108, -0.517957869363862, -0.523710891061039, -0.529267757805530, -0.534620883499121, -0.539763157897977, -0.544687997879073, -0.549389399393575, -0.553861989785925, -0.558101080112876, -0.562102717051872, -0.565863733943600, -0.569381800470198, -0.572655470429431, -0.575684227027076, -0.578468525075957, -0.581009829461593, -0.583310649212457, -0.585374566498740, -0.587206259878379, -0.588811521114562, -0.590197264906082, -0.591371530902424, -0.592343477420558, -0.593123366341394, -0.593722538741911, -0.594153380914833, -0.594429280541846, -0.594564572918669, -0.594574477279792, -0.594475023435930, -0.594282969115381, -0.594015708587974, -0.593691173342364, -0.593327725778545, -0.592944047060881, -0.592559020445995, -0.592191611546895, -0.591860747113016, -0.591585193988786, -0.591383439955669, -0.591273578160624, -0.591273196785624, -0.591399275518496, -0.591668090247283, -0.592095127223098, -0.592695007726428, -0.593481424036925, -0.594467087255953, -0.595663687273886, -0.597081864919856, -0.598731196089113, -0.600620187420181, -0.602756282896982, -0.605145880584715, -0.607794358575711, -0.610706109123859, -0.613884579883390, -0.617332321138084, -0.621051037907491, -0.625041645844043, -0.629304329884685, -0.633838604688531, -0.638643375973578, -0.643717001956472, -0.649057354195765, -0.654661877237606, -0.660527646560414, -0.666651424409386, -0.673029713200861, -0.679658806259174, -0.686534835723871, -0.693653817532444, -0.701011693442996, -0.708604370112519, -0.716427755290155, -0.724477791221333, -0.732750485388776, -0.741241938740548, -0.749948371574474, -0.758866147263033, -0.767991794013919, -0.777322024869706, -0.786853756155949, -0.796551498278147, -0.804845301026879, -0.811192911117295, -0.816255530888468, -0.820506900431295, -0.824212623323078, -0.827528591854367, -0.830552879685285, -0.833351019769982, -0.835969004284598, -0.838440428187579, -0.840790656580778, -0.843039383357355, -0.845202271777065, -0.847292046068924, -0.849319241380195, -0.851292733682905, -0.853220123732105, -0.855108021755350, -0.856962263174101, -0.858788075569173, -0.860590210721701, -0.862373051434486, -0.864140700122212, -0.865897054350508, -0.867645873297853, -0.869390838323209, -0.871135610330944, -0.872883886365636, -0.874639457808298, -0.876406272674854, -0.878188504854545, -0.879990633716408, -0.881817538439869, -0.883674612831046, -0.885567908498362, -0.887504317454593, -0.889491810113312, -0.891539752324478, -0.893659337427583, -0.895864189717438, -0.898171230712543, -0.900601962082944, -0.903184436041992, -0.905956415707623, -0.908970719521978, -0.909136016006582, -0.909270971097274, -0.909375000604097, -0.909447276234115, -0.909486479713139, -0.909489806347882]
()
()
t4
[-8.53729960020782e-5, -0.000176021628004425, -0.000271886506317731, -0.000372908207971154, -0.000479027302128288, -0.000590184372413732, -0.000706320036596565, -0.000827374964002396, -0.000953289890965229, -0.00108400563458112, -0.00121946310498522, -0.00135960331634054, -0.00150436739669898, -0.00165369659687263, -0.00180753229843340, -0.00196581602094356, -0.00212848942850559, -0.00229549433570851, -0.00246677271303758, -0.00264226669180635, -0.00282191856866235, -0.00300567080971163, -0.00319346605430230, -0.00338524711850194, -0.00358095699830038, -0.00378053887256534, -0.00398393610577566, -0.00419109225055392, -0.00440195105001817, -0.00461645643997013, -0.00483455255093557, -0.00505618371007093, -0.00528129444294878, -0.00550982947523345, -0.00574173373425706, -0.00597695235050517, -0.00621543065902037, -0.00645711420073124, -0.00670194872371364, -0.00694988018439029, -0.00720085474867435, -0.00746123137140033, -0.00773655518797663, -0.00801897245799396, -0.00830652906711913, -0.00859843709214581, -0.00889427123653569, -0.00919375834442044, -0.00949670119847962, -0.00980294509009578, -0.0101123611447022, -0.0104248371987250, -0.0107402724459716, -0.0110585741183113, -0.0113796553341730, -0.0117034336519600, -0.0120298300670609, -0.0123587682979960, -0.0126901742667744, -0.0130239757131435, -0.0133601019032694, -0.0140581375618238, -0.0147666646138814, -0.0154853106900364, -0.0162137536234233, -0.0169517026895435, -0.0176988875215831, -0.0184550511822139, -0.0192199456297496, -0.0199933286341871, -0.0207749616081413, -0.0215646080354102, -0.0223620323015924, -0.0231669988021363, -0.0239792712461087, -0.0247986121007542, -0.0256247821391122, -0.0264575400642717, -0.0272966421914585, -0.0281418421743820, -0.0289928907659232, -0.0298495356058542, -0.0307115210301640, -0.0315785878979507, -0.0324504734328748, -0.0333269110769539, -0.0342076303550808, -0.0350923567491178, -0.0359808115807972, -0.0368727119029558, -0.0377677703988820, -0.0386656952897578, -0.0395661902503537, -0.0404689543332848, -0.0413736819022650, -0.0422800625749117, -0.0431877811757561, -0.0440965177002034, -0.0450059472902666, -0.0459157402229730, -0.0468255619124005, -0.0477350729263573, -0.0486439290187634, -0.0495517811788244, -0.0504582756981171, -0.0513630542567165, -0.0522657540294952, -0.0531660078137184, -0.0540634441790251, -0.0549576876408512, -0.0558483588582872, -0.0567350748572898, -0.0576174492800727, -0.0584950926613867, -0.0593676127322674, -0.0602346147516728, -0.0610957018662601, -0.0619504754983539, -0.0627985357619455, -0.0636394819063254, -0.0644729127867045, -0.0652984273609076, -0.0661156252109472, -0.0669241070879929, -0.0677234754789560, -0.0685133351926123, -0.0692932939628842, -0.0700629630666202, -0.0708219579529273, -0.0715698988808557, -0.0723064115620015, -0.0730311278043859, -0.0737436861538028, -0.0744437325287024, -0.0751309208445959, -0.0758049136239442, -0.0764653825875214, -0.0771120092233400, -0.0777444853293738, -0.0783625135265432, -0.0789658077387052, -0.0795540936367522, -0.0801271090443309, -0.0806846043031779, -0.0812263425965965, -0.0817521002301893, -0.0822616668695916, -0.0827548457356192, -0.0832314537579466, -0.0836913216891498, -0.0841342941816812, -0.0845602298310796, -0.0849690011894380, -0.0853604947538598, -0.0857346109353034, -0.0860912640138433, -0.0864303820869495, -0.0867519070178885, -0.0870557943917764, -0.0873420134871392, -0.0876105472710606, -0.0878613924260934, -0.0880945594170721, -0.0883100726057749, -0.0885079704210189, -0.0886883055912285, -0.0888511454457671, -0.0889965722903584, -0.0891246838607219, -0.0892355938571054, -0.0893294325606967, -0.0894063475309331, -0.0894665043805034, -0.0895100876223550, -0.0895373015802917, -0.0895483713518067, -0.0895435438086700, -0.0895230886175335, -0.0894872992594945, -0.0894364940242536, -0.0893710169513042, -0.0892912386876267, -0.0891975572287450, -0.0890903985078859, -0.0889702167965143, -0.0888374948788492, -0.0886927439632524, -0.0885365032947649, -0.0883693394356712, -0.0881918451848801, -0.0880046381121922, -0.0878083586901619, -0.0876036680142087, -0.0873912451107560, -0.0871717838432792, -0.0869459894369538, -0.0867145746537731, -0.0864782556611518, -0.0862377476477114, -0.0859937602496861, -0.0857469928597422, -0.0854981298965339, -0.0852478361176601, -0.0849967520605470, -0.0847454896949950, -0.0844946283676350, -0.0842447111124247, -0.0839962413927949, -0.0837496803304674, -0.0835054444637341, -0.0832639040646528, -0.0830253820306989, -0.0827901533525124, -0.0825584451460158, -0.0823304372248444, -0.0821062631781323, -0.0818860119095441, -0.0816697295862356, -0.0814574219412705, -0.0812490568698958, -0.0810445672589086, -0.0808438539889491, -0.0806467890517097, -0.0804532187275031, -0.0802629667730947, -0.0800758375749090, -0.0798916192283878, -0.0797100865101765, -0.0795310037157215, -0.0793541273406023, -0.0791792085893529, -0.0790059957005460, -0.0788342360814334, -0.0786636782494377, -0.0784940735812304, -0.0783251778730316, -0.0781567527181440, -0.0779885667096127, -0.0778203964773381, -0.0776520275699963, -0.0774832551927991, -0.0773138848124944, -0.0771437326411242, -0.0769726260099599, -0.0768004036447681, -0.0766269158531641, -0.0764520246343093, -0.0762756037206457, -0.0760974746050728, -0.0759145112724004, -0.0757263469894421, -0.0755351740656672, -0.0753424958185603, -0.0751491852669301, -0.0749557776860081, -0.0747626246367910, -0.0745699711931672, -0.0743779970878852, -0.0741868401749501, -0.0739966106314699, -0.0738073999958064, -0.0736192871645035, -0.0734323425121871, -0.0732466308056927, -0.0730622133165860, -0.0728791493847584, -0.0726974975963273, -0.0725173166843299, -0.0723386662260866, -0.0721616071885685, -0.0719862023579738, -0.0718125166792552, -0.0716406175238367, -0.0714705748981279, -0.0713024616009649, -0.0711363533342311, -0.0709723287672240, -0.0708104695514194, -0.0706508602777025, -0.0704935883623162, -0.0703387438399517, -0.0701864190313973, -0.0700367080372032, -0.0698897059850575, -0.0697455079223445, -0.0696042071888544, -0.0694658930142755, -0.0693306469367573, -0.0691985373877953, -0.0690696113490042, -0.0689438811850051, -0.0688213032263806, -0.0687017415872792, -0.0685849040305092, -0.0674306907959282, -0.0664206531402862, -0.0655813026648216, -0.0649426583329028, -0.0645435912924261, -0.0644547477394177]
()
()

Figure 4=========================================================================================================================
x
[0.225224957674085, 0.230236703171579, 0.235231965819376, 0.240210753320019, 0.245173073502993, 0.250118934318478, 0.255048343831129, 0.259961310213866, 0.264857841741700, 0.269737946785584, 0.274601633806292, 0.279448911348346, 0.284279788033969, 0.289094272557094, 0.293892373677410, 0.298674100214460, 0.303439461041796, 0.308188465081179, 0.312921121296849, 0.317637438689844, 0.322337426292385, 0.327021093162334, 0.331688448377706, 0.336339501031257, 0.340974260225144, 0.345592735065658, 0.350194934658025, 0.354780868101291, 0.359350544483284, 0.363903972875648, 0.368441162328966, 0.372962121867960, 0.377466860486774, 0.381955387144343, 0.386427710759845, 0.390883840208237, 0.395323784315878, 0.399747551856243, 0.404155151545717, 0.408546592039484, 0.412921881927497, 0.417279606960123, 0.421618160234031, 0.425939406089305, 0.430243858433982, 0.434531728111061, 0.438803127895970, 0.443058128566600, 0.447296779672225, 0.451519118774922, 0.455725176102368, 0.459914977109285, 0.464088543986477, 0.468245896598453, 0.472387053091549, 0.476512030302483, 0.480620844041023, 0.484713509290477, 0.488790040352921, 0.492850450956331, 0.496894754334851, 0.495503816172086, 0.494096350516142, 0.492673762250906, 0.491237158057253, 0.489787454390398, 0.488325441478966, 0.486851823459788, 0.485367244739989, 0.483872308005611, 0.482367586952295, 0.480853635565438, 0.479330995078601, 0.477800199330973, 0.476261778997681, 0.474716265012274, 0.473164191401512, 0.471606097687180, 0.470042530965616, 0.468474047745394, 0.466901215602387, 0.465324614696386, 0.463744839182517, 0.462162498542711, 0.460578218856475, 0.458992644025744, 0.457406436965091, 0.455820280765903, 0.454234879840981, 0.452650961054320, 0.451069274839423, 0.449490596308327, 0.447915726352543, 0.446345492736257, 0.444780751181384, 0.443222386443404, 0.441671313376295, 0.440128477984332, 0.438594858457995, 0.437071466190750, 0.435559346773002, 0.434059580959129, 0.432573285603075, 0.431101614557620, 0.429645759532142, 0.428206950903345, 0.426786458473202, 0.425385592168127, 0.424005702673244, 0.422648181995505, 0.421314463949385, 0.420006024558885, 0.418724382369725, 0.417471098665763, 0.416247777584001, 0.415056066122896, 0.413897654039212, 0.412774273629209, 0.411687699390718, 0.410639747563411, 0.409632275545546, 0.408667181186462, 0.407746401955217, 0.406871913986986, 0.406045731010092, 0.405269903157877, 0.404546515670966, 0.403877687496868, 0.403265569795162, 0.402712344357823, 0.402220221955437, 0.401791440621086, 0.401428263884607, 0.401132978970562, 0.400907894973686, 0.400755341025663, 0.400677664466814, 0.400677229035653, 0.400756413088132, 0.400917607856850, 0.401163215758411, 0.401495648754476, 0.401917326768883, 0.402430676159460, 0.403038128238796, 0.403742117833356, 0.404545081864851, 0.405449457931796, 0.406457682862712, 0.407572191205541, 0.408795413610571, 0.410129775056634, 0.411577692862659, 0.413141574418862, 0.414823814564222, 0.416626792529444, 0.418552868357624, 0.420604378708426, 0.422783631946114, 0.425092902407285, 0.427534423741166, 0.430110381213878, 0.432822902868674, 0.435674049437018, 0.438665802900862, 0.441800053614939, 0.445078585909698, 0.448503062110884, 0.452075004931149, 0.455795778212566, 0.459666566026850, 0.463688350172462, 0.467861886144630, 0.472187677695597, 0.476665950147726, 0.481296622671089, 0.486079279789185, 0.491013142430553, 0.496097038899211, 0.501329376191735, 0.506708112141708, 0.512230728921471, 0.517894208474517, 0.523695010487227, 0.529629053533693, 0.535691700039631, 0.541877745708606, 0.548181414033806, 0.554596356479552, 0.561115658857238, 0.567731854339733, 0.574436943456311, 0.581222421287940, 0.588079311941933, 0.594998210228653, 0.601969330295007, 0.608982560794934, 0.616027526001818, 0.623093652098222, 0.630170237721390, 0.637246527705408, 0.644311788849271, 0.651355386459851, 0.658366860374487, 0.665335999162361, 0.672252911238247, 0.679108091695648, 0.685892483776308, 0.692597534034815, 0.699215240424837, 0.705738192720018, 0.712159604880133, 0.718473339173561, 0.724673922062750, 0.730756552043090, 0.736717099791322, 0.742552101122731, 0.748258743373395, 0.753834845913177, 0.759278835556299, 0.764589717670346, 0.769767043793264, 0.774810876554164, 0.779721752660854, 0.784500644668633, 0.789148922184759, 0.793668313094692, 0.798060865323107, 0.802328909567765, 0.806475023370053, 0.810501996814539, 0.814412800082760, 0.818210553024813, 0.821898496856913, 0.825479968044352, 0.828958374387241, 0.832337173291017, 0.835619852174558, 0.838809910945485, 0.841910846454268, 0.844926138825572, 0.847859239556226, 0.850713561263782, 0.853492468967194, 0.856199272781271, 0.858837221908692, 0.861409499817160, 0.863919220494296, 0.866366867044340, 0.868630350580824, 0.870664651568494, 0.872522161890889, 0.874242344642258, 0.875848782317171, 0.877356540454978, 0.878776137535434, 0.880115493703324, 0.881380937016522, 0.882577757911233, 0.883710533497989, 0.884783327339492, 0.885799818213944, 0.886763386513080, 0.887677174390071, 0.888544129121709, 0.889367035458800, 0.890148540609394, 0.890891174229124, 0.891597365013322, 0.892269454996416, 0.892909712352740, 0.893520343294202, 0.894103503535880, 0.894661309727988, 0.895195851218518, 0.895709202508654, 0.896203436790421, 0.896680641014827, 0.897142933034868, 0.897592481511946, 0.898031529484425, 0.898462422801259, 0.898887645066516, 0.899309861392958, 0.899731974240047, 0.900157196105418, 0.900589146176476, 0.901031981807413, 0.901490581920116, 0.901970810137357, 0.902479904629529, 0.903027077666900, 0.903624479468530, 0.904288833430371, 0.935127599308821, 0.960209670979592, 0.979439438522910, 0.992687229350369, 0.999754069544784, 1.00022826607616]
()
()
y
[0.00638247755656920, 0.0127453969537623, 0.0190887635104461, 0.0254125822843994, 0.0317168580705779, 0.0380015953995425, 0.0442667985360450, 0.0505124714777714, 0.0567386179542384, 0.0629452414258425, 0.0691323450830580, 0.0752999318457812, 0.0814480043628180, 0.0875765650115137, 0.0936856158975199, 0.0997751588546965, 0.105845195445147, 0.111895726959384, 0.117926754416617, 0.123938278565168, 0.129930299883010, 0.135902818578411, 0.141855834590706, 0.147789347591173, 0.153703356984019, 0.159597861907468, 0.165472861234953, 0.171328353576410, 0.177164337279662, 0.182980810431894, 0.188777770861230, 0.194555216138376, 0.200313143578366, 0.206051550242372, 0.211770432939605, 0.217469788229276, 0.223149612422640, 0.228809901585100, 0.234450651538377, 0.240071857862749, 0.245673515899338, 0.251251967364290, 0.256804317104414, 0.262335138538382, 0.267845534869620, 0.273335928557555, 0.278806529273647, 0.284257456731615, 0.289688785342732, 0.295100563906459, 0.300492825487919, 0.305865592855162, 0.311218881690724, 0.316552702596679, 0.321867062403916, 0.327161965059456, 0.332437412246963, 0.337693403832512, 0.342929938192400, 0.348147012459231, 0.353344622710070, 0.352585391872425, 0.351836249246621, 0.351098745086588, 0.350374055585101, 0.349663113202598, 0.348966684139262, 0.348285417012735, 0.347619874849533, 0.346970556911439, 0.346337914068698, 0.345722359931987, 0.345124279113468, 0.344544033494584, 0.343981967079125, 0.343438409822753, 0.342913680709462, 0.342408090265731, 0.341921942649390, 0.341455537413191, 0.341009171017126, 0.340583138145087, 0.340177732868112, 0.339793249686650, 0.339429984477069, 0.339088235362113, 0.338768303520939, 0.338470493951134, 0.338195116192672, 0.337942485021833, 0.337712921121580, 0.337506751733657, 0.337324311296707, 0.337165942073889, 0.337031994772816, 0.336922829160099, 0.336838814672301, 0.336780331024732, 0.336747768819190, 0.336741530151428, 0.336762029218934, 0.336809692929354, 0.336884961509720, 0.336988289116488, 0.337120144446234, 0.337281011346780, 0.337471389428384, 0.337691794674603, 0.337942760052352, 0.338224836120703, 0.338538591637927, 0.338884614166353, 0.339263510674652, 0.339675908137248, 0.340122454130686, 0.340603817426937, 0.341120688583797, 0.341673780532763, 0.342263829165023, 0.342891593916469, 0.343557858352948, 0.344263430757322, 0.345009144720221, 0.345795859736778, 0.346624461811957, 0.347495864077498, 0.348411007423777, 0.349370861150250, 0.350376423638350, 0.351428723050924, 0.352528818062384, 0.353677798623703, 0.354876786766270, 0.356126937448253, 0.357429439446626, 0.358785516297263, 0.360196427284520, 0.361663468480436, 0.363187973832095, 0.364771316293783, 0.366414908998221, 0.368120206458513, 0.369888705789290, 0.371721947931994, 0.373621518865245, 0.375589050776770, 0.377626223168461, 0.379734763860762, 0.381916449856808, 0.384173108020533, 0.386506615516446, 0.388918899951927, 0.391411939155868, 0.393987760520304, 0.396648439824537, 0.399396099454231, 0.402232905921258, 0.405161066583892, 0.408182825461471, 0.411300458033215, 0.414516264907668, 0.417832564247651, 0.421251682835974, 0.424775945669751, 0.428407663976543, 0.432149121553928, 0.436002559346024, 0.439970158186227, 0.444054019655422, 0.448256145029461, 0.452578412319005, 0.457022551439069, 0.461590117584912, 0.466282462934966, 0.471100706850339, 0.476045704793247, 0.481118016243113, 0.486317871947885, 0.491645140908251, 0.497099297552327, 0.502679389616290, 0.508384007300351, 0.514211254317045, 0.520158721487660, 0.526223463570182, 0.532401980015669, 0.538690200347140, 0.545083474833356, 0.551576571087491, 0.558163677156131, 0.564838411576544, 0.571593840769915, 0.578422504006238, 0.585316446025059, 0.592267257228580, 0.599266121184186, 0.606303868987848, 0.613371039854390, 0.620457947122431, 0.627554748698130, 0.634651520820025, 0.641738333913938, 0.648805329227875, 0.655842794896516, 0.662841240085970, 0.669791465912684, 0.676684631914525, 0.683512316973777, 0.690266573745923, 0.696939975828021, 0.703525657098436, 0.710017342867189, 0.716409372684842, 0.722696714859427, 0.728874972918281, 0.734940384418645, 0.740889812652896, 0.746720731908344, 0.752431207026041, 0.758019868058162, 0.763485880850451, 0.768828914377420, 0.774049105636606, 0.779147022867852, 0.784123627808377, 0.788980237628062, 0.793718487115876, 0.798340291610987, 0.802847811093912, 0.807243415776573, 0.811529653457274, 0.815709218839021, 0.819784924948174, 0.823759676735862, 0.827636446897185, 0.831418253902864, 0.835108142204565, 0.838709164548090, 0.842224366307534, 0.845656771737747, 0.849009372031345, 0.852285115059499, 0.855486896672151, 0.858617553432587, 0.861679856662908, 0.864676507680393, 0.867610134109672, 0.870483287161544, 0.873296348717378, 0.875949836039492, 0.878406022663969, 0.880705619645753, 0.882879270145174, 0.884945161031431, 0.886914850469787, 0.888796391705351, 0.890595856554403, 0.892318116707870, 0.893967271156618, 0.895546894294926, 0.897060187546178, 0.898510076279532, 0.899899274285503, 0.901230328281776, 0.902505649742124, 0.903727538478615, 0.904898200762070, 0.906019763788022, 0.907094287697978, 0.908123775992811, 0.909110184939088, 0.910055432419881, 0.910961406589563, 0.911829974639948, 0.912662991963003, 0.913462311998300, 0.914229797080049, 0.914967330650778, 0.915676831291676, 0.916360269142474, 0.917019685461730, 0.917657216334935, 0.918275121910606, 0.918875823092625, 0.919461948437257, 0.920036395255734, 0.920602410881794, 0.921163703210322, 0.921724594827694, 0.922290244007364, 0.922866971859324, 0.923462764977454, 0.924088082635965, 0.924757224633358, 0.949025284365789, 0.968754041527058, 0.983870150418495, 0.994274225960318, 0.999813871293312, 1.00017397039084]
()
()
z
[-0.228248730650820, -0.224173869067637, -0.220111847490349, -0.216062668896867, -0.212026336266994, -0.208002852582469, -0.203992220827020, -0.199994443986424, -0.196009525048566, -0.192037467003511, -0.188078272843574, -0.184131945563403, -0.180198488160060, -0.176277903633108, -0.172370194984708, -0.168475365219715, -0.164593417345779, -0.160724354373452, -0.156868179316300, -0.153024895191019, -0.149194505017549, -0.145377011819202, -0.141572418622785, -0.137780728458735, -0.134001944361245, -0.130236069368412, -0.126483106522367, -0.122743058869427, -0.119015929460240, -0.115301721349935, -0.111600437598275, -0.107912081269816, -0.104236655434063, -0.100574163165637, -0.0969246075444337, -0.0932879916557979, -0.0896643185906884, -0.0860535914458530, -0.0824558133240034, -0.0788709873339922, -0.0752991165909931, -0.0717402069122926, -0.0681942637553506, -0.0646612867717546, -0.0611412782243825, -0.0576342409140685, -0.0541401778184447, -0.0506590919955586, -0.0471909865484577, -0.0437358646094896, -0.0402937293324350, -0.0368645838882211, -0.0334484314624455, -0.0300452752538923, -0.0266551184736236, -0.0232779643444253, -0.0199138161004778, -0.0165626769871759, -0.0132245502610511, -0.00989943918976530, -0.00658734705215558, -0.00489716077414812, -0.00318865747952402, -0.00146102610989005, 0.000286457940851054, 0.00205446733965481, 0.00384364325436395, 0.00565460815874122, 0.00748797422954714, 0.00934434906669063, 0.0112243397175254, 0.0131285555872292, 0.0150576105939102, 0.0170121247967497, 0.0189927256465992, 0.0210000489591332, 0.0230347396789737, 0.0250974524823007, 0.0271888522513835, 0.0293096144447656, 0.0314604253800338, 0.0336419824412396, 0.0358549942195080, 0.0381001805927663, 0.0403782727485618, 0.0426900131524579, 0.0450361554633431, 0.0474174643960941, 0.0498347155313178, 0.0522886950713347, 0.0547801995411024, 0.0573100354324097, 0.0598790187893705, 0.0624879747330043, 0.0651377369224999, 0.0678291469506105, 0.0705630536705229, 0.0733403124514754, 0.0761617843603675, 0.0790283352666085, 0.0819408348674935, 0.0849001556314717, 0.0879071716567848, 0.0909627574431045, 0.0940677865739851, 0.0972231303081724, 0.100429656078073, 0.103688225893986, 0.106999694653035, 0.110364908352099, 0.113784702204446, 0.117259898660191, 0.120791305331130, 0.124379712820992, 0.128025892462568, 0.131730593963674, 0.135494542964337, 0.139318438508009, 0.143202950430007, 0.147148716666705, 0.151156340489257, 0.155226387665816, 0.159359383556287, 0.163555810143580, 0.167816103005180, 0.172140648228471, 0.176529779272751, 0.180983773780172, 0.185502850336914, 0.190087165184806, 0.194736808882257, 0.199451802911801, 0.204232096229798, 0.209077561751838, 0.213987992765215, 0.218963099257491, 0.224002504147675, 0.229105739403916, 0.234272242028969, 0.239501349892007, 0.244792297382715, 0.250144210861159, 0.255556103874578, 0.261026872110328, 0.266555288052583, 0.272139995309343, 0.277779502575822, 0.283472177200612, 0.289216238322124, 0.295009749545012, 0.300850611129540, 0.306736551671463, 0.312665119255939, 0.318633672076575, 0.324639368519891, 0.330679156726548, 0.336749763653608, 0.342847683677085, 0.348969166791027, 0.355110206478580, 0.361266527351687, 0.367433572679450, 0.373606491950433, 0.379780128641279, 0.385949008392589, 0.392107327822811, 0.398248944241396, 0.404367366553169, 0.410455747676055, 0.416506878823154, 0.422513186026751, 0.428466729305095, 0.434359204891448, 0.440181950957720, 0.445925957270474, 0.451581879213794, 0.457140056599885, 0.462590537662843, 0.467923108592417, 0.473127328911429, 0.478192572931989, 0.483108077440840, 0.487862995663079, 0.492446457436270, 0.496847635394609, 0.501055816817036, 0.505060480636424, 0.508851378942709, 0.512418622145166, 0.515752766793177, 0.518844904896586, 0.521686753442483, 0.524270742681915, 0.526590101664348, 0.528638939436450, 0.530412320300735, 0.531906331553746, 0.533118142196040, 0.534046051228674, 0.534689524322465, 0.535049217863759, 0.535126989638288, 0.534925895704949, 0.534450173324094, 0.533705210128784, 0.532697500049913, 0.531434586814663, 0.529924996120138, 0.528178157829449, 0.526204319736991, 0.524014454596437, 0.521620162195366, 0.519033568293237, 0.516267222216524, 0.513333994830392, 0.510246978486799, 0.507019390392174, 0.503664480652965, 0.500195446053473, 0.496625350406890, 0.492967052105728, 0.489233139289494, 0.485435872851808, 0.481587137331108, 0.477698399572034, 0.473780674910798, 0.469844500527981, 0.465899915526264, 0.461956447227317, 0.458023103139862, 0.454108368027488, 0.450220205497703, 0.446366063540364, 0.442552883461464, 0.438787111684823, 0.435074713927290, 0.431421191290515, 0.427831597852617, 0.424310559384435, 0.420862292856504, 0.417490626443346, 0.414199019770463, 0.410990584185906, 0.407868102872306, 0.404834050646336, 0.401890613320852, 0.399039706530289, 0.396282993942404, 0.393619089639322, 0.390914618872477, 0.388125642548593, 0.385311110398807, 0.382513314933408, 0.379756400160810, 0.377054886357552, 0.374418144568012, 0.371852575349602, 0.369362731604264, 0.366951938576477, 0.364622658538797, 0.362376717506600, 0.360215453172311, 0.358139815659884, 0.356150438834511, 0.354247692565037, 0.352431722273544, 0.350702479765919, 0.349059747941613, 0.347503161123671, 0.346032222210612, 0.344646317505533, 0.343344729853240, 0.342126650570616, 0.340991190563445, 0.339937390969359, 0.338964233642713, 0.338070651799118, 0.337255541164431, 0.336517772028172, 0.335856202691230, 0.335269694934223, 0.334757132334929, 0.334317442561673, 0.333949625213476, 0.333652787447543, 0.333426190664404, 0.333269313140131, 0.333181936109151, 0.333164265151916, 0.333217106241139, 0.333342129264544, 0.333542277195999, 0.333822429614283, 0.334190537103887, 0.355421044033212, 0.372678720937845, 0.385899668111910, 0.394997306492065, 0.399838960958993, 0.400150682886862]
()
()

Figure 5=========================================================================================================================
x_b
[0.00478127067362826, 0.00957015723810003, 0.0143665718253812, 0.0191704200304960, 0.0239816010333490, 0.0288000077223916, 0.0336255268199966, 0.0384580390094044, 0.0432974190631103, 0.0481435359725601, 0.0529962530790273, 0.0578554282055452, 0.0627209137897707, 0.0675925570176582, 0.0724701999578257, 0.0773536796964959, 0.0822428284728992, 0.0871374738150283, 0.0920374386756343, 0.0969425415683604, 0.101852596703909, 0.106767414126144, 0.111686799848023, 0.116610555987282, 0.121538480901755, 0.126470369324269, 0.131406012496998, 0.136345198305216, 0.141287711410357, 0.146233333382305, 0.151181842830841, 0.156133015536172, 0.161086624578472, 0.166042440466375, 0.171000231264344, 0.175959762718863, 0.180920798383394, 0.185883099742032, 0.190846426331820, 0.195810535863659, 0.200775184341771, 0.205764366904064, 0.210800409679482, 0.215855621274632, 0.220923359558293, 0.226000998390028, 0.231087117423202, 0.236180784863886, 0.241281304052373, 0.246388104928191, 0.251500691198513, 0.256618612154889, 0.261741446570130, 0.266868792995665, 0.272000263665336, 0.277135480535156, 0.282274072641331, 0.287415674300450, 0.292559923863740, 0.297706462845080, 0.302854935306691, 0.301936217195139, 0.301021479278234, 0.300111345973704, 0.299206319740096, 0.298306827855071, 0.297413250337649, 0.296525937625910, 0.295645222335823, 0.294771427426657, 0.293904872094037, 0.293045876176257, 0.292194763559500, 0.291351864892233, 0.290517519812723, 0.289692078827124, 0.288875904932732, 0.288069375052762, 0.287272881329902, 0.286486832312775, 0.285711654060155, 0.284947791181208, 0.284195707825170, 0.283455888630321, 0.282728839639415, 0.282015089186646, 0.281315188759608, 0.280629713838441, 0.279959264713269, 0.279304467280204, 0.278665973815429, 0.278044463726282, 0.277440644277667, 0.276855251291690, 0.276289049817941, 0.275742834771487, 0.275217431535291, 0.274713696523442, 0.274232517701336, 0.273774815058694, 0.273341541031109, 0.272933680865659, 0.272552252926005, 0.272198308932343, 0.271872934131571, 0.271577247393069, 0.271312401225643, 0.271079581711358, 0.270880008352265, 0.270714933826394, 0.270585643649835, 0.270493455742281, 0.270439719894046, 0.270425817133350, 0.270453158993505, 0.270523186680606, 0.270637370143412, 0.270797207048273, 0.271004221663200, 0.271259963656581, 0.271566006817390, 0.271923947705293, 0.272335404240493, 0.272802014244741, 0.273325433946406, 0.273907336463999, 0.274549410283899, 0.275253357749340, 0.276020893578808, 0.276853743432944, 0.277753642549735, 0.278722334468161, 0.279761569860563, 0.280873105493716, 0.282058703337845, 0.283320129841709, 0.284659155390206, 0.286077553958797, 0.287577102976316, 0.289159583404483, 0.290826780038521, 0.292580482028882, 0.294422483618989, 0.296354585088315, 0.298378593883923, 0.300496325916886, 0.302709606992778, 0.305020274337797, 0.307430178174016, 0.309941183288885, 0.312555170535518, 0.315274038191509, 0.318099703095245, 0.321034101469919, 0.324079189336973, 0.327236942412503, 0.330509355372569, 0.333898440366470, 0.337406224651092, 0.341034747214709, 0.344786054255301, 0.348662193376905, 0.352665206368003, 0.356797120428832, 0.361059937720095, 0.365455623114266, 0.369986090042855, 0.374653184348959, 0.379458666074601, 0.384404189136961, 0.389491278876972, 0.394721307497987, 0.400095467451511, 0.405614742871190, 0.411279879205275, 0.417091351251196, 0.423049329853168, 0.429153647584122, 0.435403763795623, 0.441798729482530, 0.448337152471378, 0.455017163500933, 0.461836383817940, 0.468791894958495, 0.475880211423026, 0.483097256978064, 0.490438345328042, 0.497898165892824, 0.505470775399041, 0.513149595943901, 0.520927420117294, 0.528796423671366, 0.536748186106338, 0.544773719398663, 0.552863504934999, 0.561007538536645, 0.569195383268834, 0.577416229533541, 0.585658961749978, 0.593912230741189, 0.602164530775679, 0.610404280067380, 0.618619903422241, 0.626799915641197, 0.634933004251498, 0.643008110143852, 0.651014504742050, 0.658941862423051, 0.666780327035186, 0.674520571524672, 0.682153849868966, 0.689672040721560, 0.697067682387956, 0.704333998968148, 0.711464917708764, 0.718455077800862, 0.725299831031180, 0.731995234840921, 0.738538038463955, 0.744925662904253, 0.751156175570570, 0.757228260416191, 0.763141184435387, 0.768894761349266, 0.774489313275533, 0.779925631123353, 0.785204934389673, 0.790328830961044, 0.795299277448259, 0.800118540503233, 0.804789159490823, 0.809313910814816, 0.813695774128601, 0.817937900598175, 0.822043583328805, 0.826016230017153, 0.829859337848123, 0.833576470619825, 0.837171238050558, 0.840647277198191, 0.844008235904070, 0.847257758160202, 0.850399471289198, 0.853436974820811, 0.856373830946322, 0.859213556431910, 0.861959615874128, 0.864615416184199, 0.867183055722075, 0.869604483810578, 0.871859065286247, 0.873974477807369, 0.875972169901979, 0.877865690358847, 0.879664290822872, 0.881374892317004, 0.883003057632975, 0.884553496450992, 0.886030345233243, 0.887437331881317, 0.888777877849967, 0.890055164514489, 0.891272178195118, 0.892431741968529, 0.893536539056739, 0.894589130725122, 0.895591970546459, 0.896547416245852, 0.897457739947443, 0.898325137397602, 0.899151736583936, 0.899939606072460, 0.900690763327396, 0.901407183248321, 0.902090807151526, 0.902743552433975, 0.903367323189047, 0.903964022095844, 0.904535563983607, 0.905083891588600, 0.905610994186961, 0.906118930025715, 0.906609853820223, 0.907086051095366, 0.907549981909826, 0.908004337667944, 0.908452116547893, 0.908896726010462, 0.909342125725028, 0.909793032629021, 0.910255224853748, 0.910736009483798, 0.911244975317346, 0.911795271628024, 0.943678481901887, 0.969640591355290, 0.989575137945348, 1.00333867648339, 1.01071198599381, 1.01124182249444]
()
()
y_b
[0.00842785563530241, 0.0168357180161216, 0.0252232201847427, 0.0335899986085622, 0.0419356932992794, 0.0502599479279438, 0.0585624099358553, 0.0668427306413183, 0.0751005653422547, 0.0833355734146861, 0.0915474184070964, 0.0997357681306923, 0.107900294745581, 0.116040674842890, 0.124156589522851, 0.132247724468879, 0.140313770017690, 0.148354421225465, 0.156369377930135, 0.164358344809789, 0.172321031437284, 0.180257152331070, 0.188166427002304, 0.196048579998279, 0.203903340942244, 0.211730444569637, 0.219529630760826, 0.227300644570368, 0.235043236252888, 0.242757161285604, 0.250442180387579, 0.258098059535753, 0.265724569977814, 0.273321488241988, 0.280888596143791, 0.288425680789827, 0.295932534578686, 0.303408955199015, 0.310854745624830, 0.318269714108129, 0.325653674168885, 0.333120048875928, 0.340762532614626, 0.348439518152459, 0.356116335028420, 0.363779491826331, 0.371422118858139, 0.379040140147145, 0.386630882130184, 0.394192460911076, 0.401723475426095, 0.409222838899225, 0.416689679531608, 0.424123278665657, 0.431523030525326, 0.438888415018205, 0.446218978781160, 0.453514321614637, 0.460774086546875, 0.467997952407744, 0.475185628177566, 0.475811989189631, 0.476440172332382, 0.477069575209466, 0.477699751705886, 0.478330357769740, 0.478961119401745, 0.479591812703894, 0.480222250896540, 0.480852275571107, 0.481481750628295, 0.482110557981443, 0.482738594457163, 0.483365769531206, 0.483992003662091, 0.484617227062969, 0.485241378802213, 0.485864406156226, 0.486486264160156, 0.487106915317500, 0.487726329440221, 0.488344483598650, 0.488961362165897, 0.489576956945564, 0.490191267374498, 0.490804300794598, 0.491416072789400, 0.492026607582449, 0.492635938495493, 0.493244108465340, 0.493851170618792, 0.494457188905606, 0.495062238789742, 0.495666407999519, 0.496269797337444, 0.496872521550690, 0.497474710263276, 0.498076508971058, 0.498678080100666, 0.499279604133480, 0.499881280795697, 0.500483330315413, 0.501085994747529, 0.501689539367119, 0.502294254131675, 0.502900455212429, 0.503508486594663, 0.504118721746627, 0.504731565356321, 0.505347455135077, 0.505966863686417, 0.506590300438307, 0.507218313636411, 0.507851492395537, 0.508490468805937, 0.509135920090629, 0.509788570809412, 0.510449195104697, 0.511118618983782, 0.511797722631656, 0.512487442747935, 0.513188774901022, 0.513902775892115, 0.514630566121234, 0.515373331947005, 0.516132328031547, 0.516908879661412, 0.517704385035214, 0.518520317508192, 0.519358227783687, 0.520219746041158, 0.521106583990045, 0.522020536838412, 0.522963485164918, 0.523937396682157, 0.524944327878839, 0.525986425527576, 0.527065928044149, 0.528185166683058, 0.529346566552860, 0.530552647433184, 0.531806024373433, 0.533109408050913, 0.534465604863498, 0.535877516728877, 0.537348140558947, 0.538880567373951, 0.540477981016562, 0.542143656421246, 0.543880957388935, 0.545693333811339, 0.547584318283209, 0.549557522034542, 0.551616630108285, 0.553765395702601, 0.556007633590419, 0.558347212522960, 0.560788046518455, 0.563334084932599, 0.565989301203704, 0.568757680163379, 0.571643203803174, 0.574649835389468, 0.577781501823259, 0.581042074148944, 0.584435346127094, 0.587965010801018, 0.591634635006084, 0.595447631794667, 0.599407230778585, 0.603516446425231, 0.607778044383513, 0.612194505961162, 0.616767990925897, 0.621500298859013, 0.626392829350631, 0.631446541390392, 0.636661912374633, 0.642038897219782, 0.647576888140072, 0.653274675713742, 0.659130411923324, 0.665141575909821, 0.671304943224684, 0.677616559394524, 0.684071718628381, 0.690664948493073, 0.697390001355878, 0.704239853343148, 0.711206711486575, 0.718282029624602, 0.725456533494859, 0.732720255295548, 0.740062577811655, 0.747472287999615, 0.754937639706520, 0.762446424973778, 0.769986053147699, 0.777543636799392, 0.785106083252384, 0.792660190337617, 0.800192744850166, 0.807690622077740, 0.815140884713419, 0.822530879458112, 0.829848329663255, 0.837081422460369, 0.844218888967714, 0.851250076349478, 0.858165010721964, 0.864954450144669, 0.871609927191737, 0.878123780860442, 0.884489177828038, 0.890700123307062, 0.896751461964309, 0.902638869553927, 0.908358836066257, 0.913908641308879, 0.919286323914408, 0.924490644812192, 0.929521046210828, 0.934377607119095, 0.939060996388814, 0.943572424199227, 0.947913592823511, 0.952086647428781, 0.956094127565740, 0.959938919906813, 0.963624212695502, 0.967153452277339, 0.970530301996356, 0.973758603661756, 0.976842341718460, 0.979785610192874, 0.982592582431580, 0.985267483605648, 0.987814565916278, 0.990238086408063, 0.992542287273522, 0.994731378515969, 0.996809522826489, 0.998780822523998, 1.00064930840438, 1.00241893034488, 1.00409354951248, 1.00567693202984, 1.00717274395825, 1.00858723749734, 1.01005050987601, 1.01160138964317, 1.01318216509300, 1.01475363671416, 1.01629500330623, 1.01779502944737, 1.01924749151387, 1.02064897060370, 1.02199771810186, 1.02329303149050, 1.02453488948267, 1.02572372758002, 1.02686029403132, 1.02794555409872, 1.02898062458802, 1.02996672804503, 1.03090516015358, 1.03179726625960, 1.03264442437746, 1.03344803292165, 1.03420950197182, 1.03493024725062, 1.03561168624439, 1.03625523607130, 1.03686231282808, 1.03743433224214, 1.03797271153353, 1.03847887245866, 1.03895424557365, 1.03940027582430, 1.03981842965141, 1.04021020390219, 1.04057713697462, 1.04092082281022, 1.04124292862172, 1.04154521764224, 1.04182957879047, 1.04209806609483, 1.04235295224355, 1.04259680315714, 1.04283258483158, 1.04306382150689, 1.04329483891089, 1.04353115562154, 1.04378014815738, 1.06830349924697, 1.08823470816155, 1.10350314387484, 1.11401120477524, 1.11960682705930, 1.11997196386043]
()
()
z_b
[0.00384239387420757, 0.00767247652239679, 0.0114902564013884, 0.0152957418170820, 0.0190889409220108, 0.0228698617130496, 0.0266385120292736, 0.0303948995499630, 0.0341390317927501, 0.0378709161119055, 0.0415905596967603, 0.0452979695702601, 0.0489931525876495, 0.0526761154352815, 0.0563468646295514, 0.0600054065159499, 0.0636517472682342, 0.0672858928877126, 0.0709078492026417, 0.0745176218677306, 0.0781152163637518, 0.0817006379972548, 0.0852738919003784, 0.0888349830307618, 0.0923839161715484, 0.0959206959314820, 0.0994453267450910, 0.102957812872959, 0.106458158402076, 0.109946367246278, 0.113422443146751, 0.116886389672621, 0.120338210221614, 0.123777908020780, 0.127205486127293, 0.130620947429306, 0.134024294646877, 0.137415530332947, 0.140794656874377, 0.144161676493043, 0.147516591246978, 0.150859468185958, 0.154190366818800, 0.157509206137013, 0.160815966735305, 0.164110641603659, 0.167393227562540, 0.170663722982821, 0.173922126949109, 0.177168438888491, 0.180402658383688, 0.183624785070207, 0.186834818575877, 0.190032758483492, 0.193218604306847, 0.196392355474955, 0.199554011321453, 0.202703571077426, 0.205841033866563, 0.208966398701917, 0.212079664483833, 0.213516719111651, 0.214974711272847, 0.216454588204354, 0.217957207134548, 0.219483370388772, 0.221033846106599, 0.222609381156876, 0.224210709548912, 0.225838558107484, 0.227493650412616, 0.229176709597194, 0.230888460367560, 0.232629630479160, 0.234400951818947, 0.236203161195938, 0.238037000909104, 0.239903219140503, 0.241802570207275, 0.243735814696291, 0.245703719498371, 0.247707057754108, 0.249746608719797, 0.251823157559404, 0.253937495066578, 0.256090417319320, 0.258282725268834, 0.260515224263291, 0.262788723506642, 0.265104035452174, 0.267461975130192, 0.269863359408988, 0.272309006188146, 0.274799733523169, 0.277336358680444, 0.279919697121614, 0.282550561416590, 0.285229760084597, 0.287958096362895, 0.290736366903116, 0.293565360395460, 0.296445856121438, 0.299378622436200, 0.302364415182034, 0.305403976035092, 0.308498030787949, 0.311647287571211, 0.314852435017972, 0.318114140375556, 0.321433047569628, 0.324809775226399, 0.328244914659271, 0.331739027826903, 0.335292645270239, 0.338906264036554, 0.342580345599056, 0.346315313780913, 0.350111552692841, 0.353969404693512, 0.357889168382003, 0.361871096631281, 0.365915394671348, 0.370022218229985, 0.374191671738196, 0.378423806606295, 0.382718619575152, 0.387076051145423, 0.391495984085532, 0.395978242016869, 0.400522588072020, 0.405128723618884, 0.409796287040314, 0.414524852555382, 0.419313929064628, 0.424162958997687, 0.429071317137528, 0.434038309391347, 0.439063171473804, 0.444145067464070, 0.449283088193954, 0.454476249420403, 0.459723489731965, 0.465023668135502, 0.470375561266601, 0.475777860164957, 0.481229166554504, 0.486727988567490, 0.492272735852073, 0.497861714004551, 0.503493118270151, 0.509165026460514, 0.514875391041840, 0.520622030355136, 0.526402618939390, 0.532214676939864, 0.538055558597165, 0.543922439828498, 0.549812304930582, 0.555721932454192, 0.561647880323265, 0.567586470296910, 0.573533771900527, 0.579485585982362, 0.585437428084088, 0.591384511848116, 0.597321732719856, 0.603243652239701, 0.609144483256335, 0.615018076429384, 0.620857908424540, 0.626657072236925, 0.632408270107557, 0.638103809521828, 0.643735602796523, 0.649295170771424, 0.654773651121310, 0.660161811792494, 0.665450070043197, 0.670628517527491, 0.675686951806841, 0.680614914600285, 0.685401736993181, 0.690036591715022, 0.694508552469294, 0.698806660153708, 0.702919995649241, 0.706837758683917, 0.710549352095745, 0.714044470633312, 0.717313193247761, 0.720346077652439, 0.723134255763558, 0.725669528494060, 0.727944458261040, 0.729952457491989, 0.731687871383094, 0.733146053179569, 0.734323430317140, 0.735217559887220, 0.735827172065504, 0.736152200371438, 0.736193797898586, 0.735954338964969, 0.735437405967519, 0.734647761573475, 0.733591306730654, 0.732275025314166, 0.730706916536215, 0.728895916516014, 0.726851810628641, 0.724585138417346, 0.722107092958837, 0.719429416614055, 0.716564295079352, 0.713524251579351, 0.710322042919588, 0.706970558952899, 0.703482726817979, 0.699871421091614, 0.696149380767869, 0.692329133747145, 0.688422929294001, 0.684442678711682, 0.680399904288992, 0.676305696405347, 0.672170678534873, 0.668004979771375, 0.663818214402689, 0.659619467994278, 0.655417289395992, 0.651219688060452, 0.647034136053767, 0.642867574146443, 0.638726421391680, 0.634616587627013, 0.630543488371013, 0.626512061627320, 0.622526786151685, 0.618591700782385, 0.614710424478901, 0.610886176757228, 0.607121798251630, 0.603419771171604, 0.599782239458818, 0.596211028481623, 0.592707664134288, 0.589273391234345, 0.585909191134509, 0.582615105413396, 0.579361144262950, 0.576144609217966, 0.572984730712359, 0.569894051352528, 0.566879792395444, 0.563946454289952, 0.561097062109131, 0.558333751334573, 0.555658065295577, 0.553071119173501, 0.550573697543904, 0.548166316482892, 0.545849265617154, 0.543622638212483, 0.541486353789478, 0.539440175871517, 0.537483726439426, 0.535616498080227, 0.533837864471628, 0.532147089634414, 0.530543336255376, 0.529025673302429, 0.527593083103228, 0.526244468028514, 0.524978656905639, 0.523794411282969, 0.522690431670731, 0.521665363898287, 0.520717805753185, 0.519846314106271, 0.519049412784483, 0.518325601536008, 0.517673366553066, 0.517091193194035, 0.516577581808440, 0.516131067963431, 0.515750248979038, 0.515433819639091, 0.515180621498700, 0.514989712803772, 0.514860470524425, 0.514792744083952, 0.514787095625491, 0.514845192160142, 0.514970480220198, 0.536165754040473, 0.553393698205930, 0.566591043971889, 0.575671827308808, 0.580504039627747, 0.580814739567240]
()
()
psi_b
[-0.00592860240750278, -0.0118364120596134, -0.0177234636022871, -0.0235897914964800, -0.0294354300120047, -0.0352604132215135, -0.0410647749946081, -0.0468485489920827, -0.0526117686603027, -0.0583544672257179, -0.0640766776895156, -0.0697784328224135, -0.0754597651595927, -0.0811207069957727, -0.0867612903804276, -0.0923815471131448, -0.0979815087391255, -0.103561206544827, -0.109120671553748, -0.114659934522350, -0.120179025936127, -0.125677976005807, -0.131156814663696, -0.136615571560162, -0.142054276060249, -0.147472957240432, -0.152871643885505, -0.158250364485600, -0.163609147233342, -0.168948020021128, -0.174267010438536, -0.179566145769869, -0.184845452991810, -0.190104958771213, -0.195344689463012, -0.200564671108245, -0.205764929432205, -0.210945489842704, -0.216106377428446, -0.221247616957526, -0.226369232876024, -0.232610474933656, -0.240917240546502, -0.249875730028916, -0.259142073515859, -0.268584026720140, -0.278135405114943, -0.287757836005139, -0.297426866377141, -0.307125848151329, -0.316842877854466, -0.326569116463189, -0.336297799957723, -0.346023623612721, -0.355742341405658, -0.365450495621862, -0.375145228613222, -0.384824148251817, -0.394485229550842, -0.404126741290288, -0.413747190328820, -0.419057942304736, -0.424432806724323, -0.429852656111034, -0.435303834557998, -0.440776249078316, -0.446262238277330, -0.451755864000747, -0.457252447838751, -0.462748256653792, -0.468240282643628, -0.473726085503714, -0.479203676616922, -0.484671432429728, -0.490128028559681, -0.495572388924327, -0.501003645948503, -0.506421109072310, -0.511824239567728, -0.517212630212042, -0.522585988744325, -0.527944124300175, -0.533286936213946, -0.538614404719744, -0.543926583187549, -0.549223591609608, -0.554505611111818, -0.559772879310348, -0.565025686368850, -0.570264371638894, -0.575489320787594, -0.580700963333263, -0.585899770523266, -0.591086253498918, -0.596260961700825, -0.601424481474979, -0.606577434845474, -0.611720478424311, -0.616854302432413, -0.621979629809102, -0.627097215389726, -0.632207845133277, -0.637312335383568, -0.642411532148987, -0.647506310387137, -0.652597573281744, -0.657686251500143, -0.662773302420572, -0.667859709319222, -0.672946480507815, -0.678034648413147, -0.683125268590804, -0.688219418665971, -0.693318197195041, -0.698422722442507, -0.703534131068511, -0.708653576723301, -0.713782228545818, -0.718921269564692, -0.724071895000988, -0.729235310473224, -0.734412730106381, -0.739605374547915, -0.744814468895054, -0.750041240539028, -0.755286916933215, -0.760552723293531, -0.765839880240720, -0.771149601395464, -0.776483090938448, -0.781841541148624, -0.787226129933891, -0.792638018369254, -0.798078348258196, -0.803548239733425, -0.809048788913414, -0.814581065631102, -0.820146111250849, -0.825744936589143, -0.831378519953649, -0.837047805314009, -0.842753700616266, -0.848497076250951, -0.854278763682701, -0.860099554246843, -0.865960198115618, -0.871861403433725, -0.877803835619603, -0.883788116825422, -0.889814825545123, -0.895884496356074, -0.901997619776054, -0.908154642213378, -0.914355965984058, -0.920601949366078, -0.926892906657120, -0.933229108198523, -0.939610780324983, -0.946038105196492, -0.952511220466446, -0.959030218737722, -0.965595146757031, -0.972206004296954, -0.978862742675023, -0.985565262860041, -0.992313413117646, -0.999106986150204, -1.00594571569035, -1.01282927251329, -1.01975725984021, -1.02672920811416, -1.03374456914066, -1.04080270959760, -1.04790290393411, -1.05504432669412, -1.06222604431898, -1.06944700650364, -1.07670603720248, -1.08400182540384, -1.09133291581589, -1.09869769963050, -1.10609440555504, -1.11352109132433, -1.12097563592490, -1.12845573278036, -1.13595888415922, -1.14348239707294, -1.15102338093262, -1.15857874722470, -1.16614521144968, -1.17371929754241, -1.18129734495631, -1.18887551854870, -1.19644982134909, -1.20401611022897, -1.21157011442077, -1.21910745675814, -1.22662367743170, -1.23411425997629, -1.24157465913229, -1.24900033015580, -1.25638675909606, -1.26372949351452, -1.27102417309179, -1.27826655955828, -1.28545256539176, -1.29257828075131, -1.29963999816096, -1.30663423451539, -1.31355775005294, -1.32040756402334, -1.32718096686638, -1.33387552880875, -1.34048910487593, -1.34701983640109, -1.35346614918990, -1.35982674856667, -1.36610061158261, -1.37228697670816, -1.37838533136050, -1.38439539763281, -1.39031711659559, -1.39615063153327, -1.40189627046368, -1.40755452826382, -1.41312604869700, -1.41861160660326, -1.42401209048006, -1.42932848564445, -1.43456185813283, -1.43971333946027, -1.44478411233016, -1.44977539735583, -1.45468844083022, -1.45952450355731, -1.46428485073960, -1.46897074290044, -1.47358342780669, -1.47812413334741, -1.48259406131671, -1.48699438204334, -1.49132622980660, -1.49559069897610, -1.49978884081275, -1.50392166086909, -1.50799011692861, -1.51199511742604, -1.51593752029363, -1.51981738306176, -1.52359920973487, -1.52726937918307, -1.53084170018648, -1.53432639454132, -1.53772934703219, -1.54105414853511, -1.54430317825954, -1.54747812722502, -1.55058026473255, -1.55361058306281, -1.55656988078622, -1.55945881317792, -1.56227792402475, -1.56502766639679, -1.56770841659730, -1.57032048373491, -1.57286411638575, -1.57533950725298, -1.57774679639602, -1.58008607339610, -1.58235737869219, -1.58456070423383, -1.58669599353640, -1.58876314117920, -1.59076199175091, -1.59269233821559, -1.59455391964146, -1.59634641820217, -1.59806945532135, -1.59972258678353, -1.60130529657190, -1.60281698910952, -1.60425697946407, -1.60562448091224, -1.60691858902231, -1.60813826106305, -1.60928228901736, -1.61034926365834, -1.61133752583684, -1.61224509897765, -1.61306959311080, -1.61380806424071, -1.61445680068446, -1.61501098396158, -1.61546412089824, -1.62312332917949, -1.62956890209668, -1.63473164916604, -1.63851754742637, -1.64078054829094, -1.64120899545466]
()
()

Figure 6=========================================================================================================================
d
[1.04403065089106, 1.03372197574647, 1.02343005270596, 1.01315519190684, 1.00289770456805, 0.992657902881988, 0.982436099909757, 0.972232609479657, 0.962047746089204, 0.951881824810732, 0.941735161200715, 0.931608071212925, 0.921500871115560, 0.911413877412473, 0.901347406768637, 0.891301775939985, 0.881277301707787, 0.871274300817702, 0.861293089923690, 0.851333985536940, 0.841397303980014, 0.831483361346394, 0.821592473465654, 0.811724955874465, 0.801881123793694, 0.792061292111843, 0.782265775375109, 0.772494887784385, 0.762748943199500, 0.753028255151076, 0.743333136860385, 0.733663901267607, 0.724020861068972, 0.714404328763260, 0.704814616708214, 0.695252037187462, 0.685716902488586, 0.676209524993065, 0.666730217278862, 0.657279292236520, 0.647857063199704, 0.638463844091243, 0.629000414462459, 0.619383420576163, 0.609735515455994, 0.600086662468848, 0.590448560572316, 0.580827230105002, 0.571226310197856, 0.561648253361366, 0.552094850114340, 0.542567491086106, 0.533067310765133, 0.523595272164297, 0.514152219608133, 0.504738913236365, 0.495356052492908, 0.486004292709625, 0.476684257218856, 0.467396546495686, 0.458141745288925, 0.448920428373747, 0.448797552183989, 0.448674066173219, 0.448549997103113, 0.448425365022886, 0.448300185696331, 0.448174472039320, 0.448048235020663, 0.447921484253396, 0.447794228398355, 0.447666475449158, 0.447538232939658, 0.447409508099207, 0.447280307971905, 0.447150639510477, 0.447020509651933, 0.446889925379949, 0.446758893777426, 0.446627422071726, 0.446495517674364, 0.446363188216493, 0.446230441581168, 0.446097285933126, 0.445963729746649, 0.445829781831938, 0.445695451360328, 0.445560747888587, 0.445425681382505, 0.445290262239904, 0.445154501313175, 0.445018409931430, 0.444881999922310, 0.444745283633474, 0.444608273953797, 0.444470984334265, 0.444333428808542, 0.444195622013205, 0.444057579207590, 0.443919316293216, 0.443780849832730, 0.443642197068315, 0.443503375939510, 0.443364405100349, 0.443225303935786, 0.443086092577309, 0.442946791917684, 0.442807423624769, 0.442668010154324, 0.442528574761765, 0.442389141512825, 0.442249735293058, 0.442110381816189, 0.441971107631278, 0.441831940128716, 0.441692907545077, 0.441554038966878, 0.441415364333318, 0.441276914438115, 0.441138720930555, 0.441000816315948, 0.440863233955672, 0.440726008067071, 0.440589173723466, 0.440452766854625, 0.440316824248035, 0.440181383551385, 0.440046483276704, 0.439912162806627, 0.439778462403301, 0.439645423220476, 0.439513087319335, 0.439381497688660, 0.439250698269915, 0.439120733987855, 0.438991650787232, 0.438863495676175, 0.438736316776789, 0.438610163383438, 0.438485086029171, 0.438361136560626, 0.438238368221690, 0.438116835746055, 0.437996595458706, 0.437877705386227, 0.437760225375622, 0.437644217221211, 0.437529744798910, 0.437416874207008, 0.437305673912323, 0.437196214900324, 0.437088570827566, 0.436982818174475, 0.436879036396221, 0.436777308069083, 0.436677719029405, 0.436580358501886, 0.436485319213623, 0.436392697489983, 0.436302593328059, 0.436215110443159, 0.436130356283485, 0.436048442007900, 0.435969482421512, 0.435893595863593, 0.435820904042345, 0.435751531810963, 0.435685606879615, 0.435623259458145, 0.435564621824677, 0.435509827815834, 0.435459012234931, 0.435412310175380, 0.435369856257613, 0.435331783779056, 0.435298223778177, 0.435269304015270, 0.435245147874535, 0.435225873194023, 0.435211591032241, 0.435202404382514, 0.435198406848623, 0.435199681297641, 0.435206298508260, 0.435218315835171, 0.435235775912071, 0.435258705417611, 0.435287113929913, 0.435320992896084, 0.435360314743340, 0.435405032157851, 0.435455077556080, 0.435510362771279, 0.435570778974772, 0.435636196847756, 0.435706467014674, 0.435781420743768, 0.435860870914380, 0.435944613244139, 0.436032427762514, 0.436124080510636, 0.436219325441006, 0.436317906485042, 0.436419559751599, 0.436524015815857, 0.436631002055539, 0.436740244990347, 0.436851472580926, 0.436964416445517, 0.437078813955636, 0.437194410176525, 0.437310959623430, 0.437428227810844, 0.437545992578273, 0.437664045182718, 0.437782191154460, 0.437900250918795, 0.438018060191798, 0.438135470162843, 0.438252347480424, 0.438368574060706, 0.438484046740199, 0.438598676795064, 0.438712389349843, 0.438825122698039, 0.438936827555997, 0.439047466270111, 0.439157011995641, 0.439265447863440, 0.439372766148811, 0.439478967454599, 0.439584059918545, 0.439688058452974, 0.439790984023060, 0.439892862968272, 0.439993726370123, 0.440093609468120, 0.440192551124697, 0.440290593339068, 0.440387780809197, 0.440484160540549, 0.440579781499869, 0.440674694311932, 0.440768950997068, 0.440862604747132, 0.440955709737611, 0.441048320973603, 0.441140494167498, 0.441232285646367, 0.441323825234466, 0.441418671233835, 0.441518226891457, 0.441621232738709, 0.441726795652975, 0.441834464390087, 0.441944024900981, 0.442055390650932, 0.442168549239631, 0.442283535230052, 0.442400415535738, 0.442519281223844, 0.442640242821228, 0.442763427660863, 0.442888978496320, 0.443017052960725, 0.443147823632844, 0.443281478578218, 0.443418222296459, 0.443558277046727, 0.443701884552407, 0.443849308109121, 0.444000835141168, 0.444156780272756, 0.444317489004230, 0.444483342111960, 0.444654760926074, 0.444832213685856, 0.445016223232592, 0.445207376379652, 0.445406335408104, 0.445613852285294, 0.445830786411993, 0.446058126998645, 0.446297021596183, 0.446548812930146, 0.446815087119474, 0.447097737787569, 0.447399052808586, 0.447721834032824, 0.448069566319329, 0.448446662508985, 0.448858829461664, 0.449313635090036, 0.449821425693562, 0.450396890987638, 0.495858780311551, 0.532843110171219, 0.561207386955187, 0.580758194986128, 0.591198254047975]
()
()



