WITH OA-----------------------------------------------------------------------
('q computed by IK algo is: ', Matrix([
[  1.03381368551415],
[   1.1629152157992],
[ 0.597265871750555],
[ -1.67357550807307],
[  0.31252397695944],
[  1.75873791192273],
[-0.612570177188107],
[-0.064493494567592]]))
('the q computed would result to pose: ', Matrix([
[  1.00000137255146],
[  1.00000143511327],
[  0.40000074029867],
[ -2.14159569928101],
[  1.14159272257616],
[-0.141589201460059]]))
('the error in pose is: ', Matrix([
[-1.37255145804538e-6],
[-1.43511326977652e-6],
[-7.40298670365291e-7],
[ 3.04569122056009e-6],
[-6.89863715042094e-8],
[-3.45212973387743e-6]]))
[0.225224957674085, 0.230236703171579, 0.235231965819376, 0.240210753320019, 0.245173073502993, 0.250118934318478, 0.255048343831129, 0.259961310213866, 0.264857841741700, 0.269737946785584, 0.274601633806292, 0.279448911348346, 0.284279788033969, 0.289094272557094, 0.293892373677410, 0.298674100214460, 0.303439461041796, 0.308188465081179, 0.312921121296849, 0.317637438689844, 0.322337426292385, 0.327021093162334, 0.331688448377706, 0.336339501031257, 0.340974260225144, 0.345592735065658, 0.350194934658025, 0.354780868101291, 0.359350544483284, 0.363903972875648, 0.368441162328966, 0.372962121867960, 0.377466860486774, 0.381955387144343, 0.386427710759845, 0.390883840208237, 0.395323784315878, 0.399747551856243, 0.404155151545717, 0.408546592039484, 0.412921881927497, 0.417279606960123, 0.421618160234031, 0.425939406089305, 0.430243858433982, 0.434531728111061, 0.438803127895970, 0.443058128566600, 0.447296779672225, 0.451519118774922, 0.455725176102368, 0.459914977109285, 0.464088543986477, 0.468245896598453, 0.472387053091549, 0.476512030302483, 0.480620844041023, 0.484713509290477, 0.488790040352921, 0.492850450956331, 0.496894754334851, 0.500922963289744, 0.504935090236221, 0.508931147239789, 0.512911146044689, 0.516875098096329, 0.520823014559072, 0.524754906330431, 0.528670784052415, 0.531651350654173, 0.534781286048257, 0.538057233145668, 0.541474598814968, 0.545027587700827, 0.548709270914371, 0.552511686711124, 0.556425968082602, 0.560442490486517, 0.564551031917991, 0.568740937261452, 0.573001279324853, 0.577321010011458, 0.581689096533833, 0.586094639204266, 0.590526968947952, 0.594975724126894, 0.599430907436635, 0.603882924503093, 0.608322606366551, 0.612741218329256, 0.617130457714250, 0.621482442993252, 0.625789696545060, 0.630062367855708, 0.634335936510638, 0.638609181405199, 0.642880833297421, 0.647149581816119, 0.651414082417160, 0.655672963246810, 0.659924831871846, 0.664168281837534, 0.665537255619071, 0.667018887012191, 0.668625999368049, 0.670373084896446, 0.672086158048572, 0.673749769537764, 0.675357331121465, 0.676900892458847, 0.678370892968163, 0.679755939060555, 0.681042696918377, 0.682216083400621, 0.683260090972617, 0.684159792303176, 0.684905238333835, 0.685497778868590, 0.685958275017668, 0.686334654325175, 0.686705039272730, 0.687175422874542, 0.687966126408441, 0.689223471127414, 0.691143809162175, 0.693998130473977, 0.697920318290733, 0.702169295188088, 0.706417828532306, 0.710661489612986, 0.714895827930467, 0.719116363400229, 0.723318578783254, 0.727497912556265, 0.732217180831365, 0.736918744574301, 0.741594371505394, 0.746235668753022, 0.750834122791494, 0.755381142029218, 0.759868101692346, 0.764286390606929, 0.768627459448755, 0.772882870005668, 0.776492478604231, 0.780552357979980, 0.784501923569913, 0.788333656150256, 0.792040401494535, 0.795615416491237, 0.799052413093007, 0.802345599767473, 0.805489720155399, 0.808480088669943, 0.811312622787263, 0.813983871780203, 0.816491041631353, 0.818832015829071, 0.821005371702643, 0.823010391895885, 0.824847070520981, 0.826516113487723, 0.827836930470378, 0.829175866045011, 0.830353411854496, 0.831372995847343, 0.832740859986649, 0.833966839071974, 0.836368346697606, 0.838753159265367, 0.841121266995404, 0.843472659941096, 0.845807327988777, 0.848125260857404, 0.850426448098182, 0.852710879094147, 0.854978543059695, 0.857229429040057, 0.859463525910732, 0.861680822376860, 0.863881306972536, 0.866064968060074, 0.868231793829207, 0.870381772296225, 0.872514891303051, 0.874631138516254, 0.876730501425987, 0.878812967344860, 0.880878523406740, 0.882927156565474, 0.884958853593536, 0.886973601080593, 0.888971385431985, 0.890952192867123, 0.892916009417796, 0.894862820926383, 0.896792613043973, 0.898705371228384, 0.900601080742077, 0.902479726649965, 0.904341293817109, 0.906185766906303, 0.908013130375534, 0.909823368475318, 0.911616465245911, 0.913392404514380, 0.915151169891537, 0.916892744768725, 0.918617112314453, 0.920324255470873, 0.922014156950091, 0.923686799230305, 0.925342164551761, 0.926980234912527, 0.928600992064064, 0.930204417506596, 0.931790492484258, 0.933359197980027, 0.934910514710412, 0.936444423119898, 0.937960903375125, 0.939459935358805, 0.940941498663341, 0.942405572584150, 0.943852136112672, 0.945281167929037, 0.946692646394386, 0.948086549542820, 0.949462855072955, 0.950821540339068, 0.952162582341798, 0.953485957718392, 0.954791642732456, 0.956079613263185, 0.957349844794047, 0.958602312400880, 0.959836990739360, 0.961053854031812, 0.962252876053320, 0.963434030117073, 0.964597289058914, 0.965742625221033, 0.966870010434736, 0.967979416002230, 0.969070812677356, 0.970144170645184, 0.971199459500389, 0.972236648224318, 0.973255705160635, 0.974256597989438, 0.975239293699723, 0.976203758560054, 0.977149958087288, 0.978077857013188, 0.978987419248728, 0.979878607845893, 0.980751384956729, 0.981605711789388, 0.982441548560873, 0.983258854446153, 0.984057587523277, 0.984837704714063, 0.985599161719893, 0.986341912952063, 0.987065911456066, 0.987771108829112, 0.988457455130052, 0.989124898780765, 0.989773386457924, 0.990402862973855, 0.991013271145003, 0.991604551646242, 0.992176642848971, 0.992729480640510, 0.993262998221856, 0.993777125880239, 0.994271790732166, 0.994746916431686, 0.995202422837378, 0.995638225629994, 0.996054235870618, 0.996450359486480, 0.996826496667919, 0.997182541155018, 0.997518379385587, 0.997833889466517, 0.998128939916660, 0.998403388109049, 0.998657078309485, 0.998889839160746, 0.999101480384603, 0.999291788344532, 0.999460519883918, 0.999607393427352, 0.999732075470501, 0.999834158668245, 0.999913122888676, 0.999968255896041, 0.999998450695062, 1.00000137255146]
[0.00638247755656920, 0.0127453969537623, 0.0190887635104461, 0.0254125822843994, 0.0317168580705779, 0.0380015953995425, 0.0442667985360450, 0.0505124714777714, 0.0567386179542384, 0.0629452414258425, 0.0691323450830580, 0.0752999318457812, 0.0814480043628180, 0.0875765650115137, 0.0936856158975199, 0.0997751588546965, 0.105845195445147, 0.111895726959384, 0.117926754416617, 0.123938278565168, 0.129930299883010, 0.135902818578411, 0.141855834590706, 0.147789347591173, 0.153703356984019, 0.159597861907468, 0.165472861234953, 0.171328353576410, 0.177164337279662, 0.182980810431894, 0.188777770861230, 0.194555216138376, 0.200313143578366, 0.206051550242372, 0.211770432939605, 0.217469788229276, 0.223149612422640, 0.228809901585100, 0.234450651538377, 0.240071857862749, 0.245673515899338, 0.251251967364290, 0.256804317104414, 0.262335138538382, 0.267845534869620, 0.273335928557555, 0.278806529273647, 0.284257456731615, 0.289688785342732, 0.295100563906459, 0.300492825487919, 0.305865592855162, 0.311218881690724, 0.316552702596679, 0.321867062403916, 0.327161965059456, 0.332437412246963, 0.337693403832512, 0.342929938192400, 0.348147012459231, 0.353344622710070, 0.358522764112702, 0.363681431041039, 0.368820617167442, 0.373940315537521, 0.379040518631460, 0.384121218414852, 0.389182406381280, 0.394224073588334, 0.394296132209547, 0.394500004594218, 0.394844737650927, 0.395338818459315, 0.395990007991515, 0.396805192631462, 0.397790260989266, 0.398950011796374, 0.400288096424599, 0.401806997079887, 0.403508039286831, 0.405391435177668, 0.407456352528182, 0.409701003540640, 0.412122747058664, 0.414718198128079, 0.417483339458438, 0.420413630240931, 0.423504108796166, 0.426749486542225, 0.430144231704657, 0.433682641984920, 0.437358906040075, 0.441167154104192, 0.445039590939213, 0.448835130561451, 0.452553739517641, 0.456195507145970, 0.459760643034241, 0.463249473937125, 0.466662440177618, 0.470000091563356, 0.473263082853464, 0.474095829804608, 0.475050761614305, 0.476132803673503, 0.477347338023178, 0.478596673276444, 0.479872179061750, 0.481170473588885, 0.482487815042136, 0.483820038840938, 0.485162512547410, 0.486510141040698, 0.487857483803436, 0.489199091630187, 0.490530225995492, 0.491848153616748, 0.493154112277318, 0.494455682211941, 0.495768714291475, 0.497117771110300, 0.498535093674464, 0.500082300370904, 0.501804655925425, 0.503765677260585, 0.506054047601727, 0.508715475459723, 0.511537745236565, 0.514466818082194, 0.517501531761685, 0.520640720617300, 0.523883212068701, 0.527227821271846, 0.530673343977491, 0.533351750449974, 0.536180023682830, 0.539158046878294, 0.542285231524538, 0.545560502860386, 0.548982288632961, 0.552548511378110, 0.556256584400446, 0.560103411570982, 0.564085390997103, 0.568565644547186, 0.572804018088334, 0.577164114823921, 0.581640353926285, 0.586226719686466, 0.590916787156497, 0.595703750498454, 0.600580453714563, 0.605539423441280, 0.610572903516282, 0.615672891069373, 0.620831173943225, 0.626039369312672, 0.631288963434921, 0.636571352518752, 0.641877884738818, 0.647199903431264, 0.652528791480367, 0.657832763442660, 0.663150032987801, 0.668448955344355, 0.673721529525192, 0.678598123703261, 0.683435749595901, 0.688073730739511, 0.692678834198076, 0.697251036431794, 0.701790313815571, 0.706296642637625, 0.710769999098022, 0.715210359307139, 0.719617699284050, 0.723991994954835, 0.728333222150819, 0.732641356606721, 0.736916373958733, 0.741158249742510, 0.745366959391084, 0.749542478232681, 0.753684781488465, 0.757793844270180, 0.761869641577711, 0.765912148296541, 0.769921339195125, 0.773897188922153, 0.777839672003721, 0.781748762840393, 0.785624435704159, 0.789466664735283, 0.793275423939038, 0.797050687182326, 0.800792428190172, 0.804500620542106, 0.808175237668405, 0.811816252846213, 0.815423639195517, 0.818997369674986, 0.822537417077667, 0.826043754026524, 0.829516352969821, 0.832955186176347, 0.836360225730469, 0.839731443527010, 0.843068811265943, 0.846372300446902, 0.849641882363487, 0.852877528097371, 0.856079208512187, 0.859246894247198, 0.862380555710725, 0.865480163073344, 0.868545686260815, 0.871577094946753, 0.874574358545019, 0.877537446201818, 0.880466326787494, 0.883360968887997, 0.886221340796021, 0.889047410501783, 0.891839145683435, 0.894596513697077, 0.897319481566365, 0.900008015971679, 0.902662083238837, 0.905281649327324, 0.907866679818011, 0.910417139900328, 0.912932994358878, 0.915414207559430, 0.917860743434285, 0.920272565466952, 0.922649636676103, 0.924991919598761, 0.927299376272671, 0.929571968217793, 0.931809656416875, 0.934012401295030, 0.936180162698251, 0.938312899870796, 0.940410571431356, 0.942473135347926, 0.944500548911267, 0.946492768706873, 0.948449750585320, 0.950371449630865, 0.952257820128160, 0.954108815526937, 0.955924388404479, 0.957704490425702, 0.959449072300638, 0.961158083739089, 0.962831473402191, 0.964469188850621, 0.966071176489102, 0.967637381506877, 0.969167747813726, 0.970662217971095, 0.972120733117814, 0.973543232889831, 0.974929655333304, 0.976279936810300, 0.977594011896248, 0.978871813268149, 0.980113271582422, 0.981318315341054, 0.982486870744538, 0.983618861529790, 0.984714208790961, 0.985772830780653, 0.986794642688595, 0.987779556394249, 0.988727480189139, 0.989638318463740, 0.990511971352712, 0.991348334330767, 0.992147297749632, 0.992908746304162, 0.993632558412458, 0.994318605490595, 0.994966751096825, 0.995576849912112, 0.996148746512758, 0.996682273874828, 0.997177251526689, 0.997633483230654, 0.998050754020080, 0.998428826330397, 0.998767434815654, 0.999066279184044, 0.999325013904385, 0.999543232668175, 0.999720443352842, 0.999856023854554, 0.999949132928100, 0.999998484799410, 1.00000143511327]
[-0.228248730650820, -0.224173869067637, -0.220111847490349, -0.216062668896867, -0.212026336266994, -0.208002852582469, -0.203992220827020, -0.199994443986424, -0.196009525048566, -0.192037467003511, -0.188078272843574, -0.184131945563403, -0.180198488160060, -0.176277903633108, -0.172370194984708, -0.168475365219715, -0.164593417345779, -0.160724354373452, -0.156868179316300, -0.153024895191019, -0.149194505017549, -0.145377011819202, -0.141572418622785, -0.137780728458735, -0.134001944361245, -0.130236069368412, -0.126483106522367, -0.122743058869427, -0.119015929460240, -0.115301721349935, -0.111600437598275, -0.107912081269816, -0.104236655434063, -0.100574163165637, -0.0969246075444337, -0.0932879916557979, -0.0896643185906884, -0.0860535914458530, -0.0824558133240034, -0.0788709873339922, -0.0752991165909931, -0.0717402069122926, -0.0681942637553506, -0.0646612867717546, -0.0611412782243825, -0.0576342409140685, -0.0541401778184447, -0.0506590919955586, -0.0471909865484577, -0.0437358646094896, -0.0402937293324350, -0.0368645838882211, -0.0334484314624455, -0.0300452752538923, -0.0266551184736236, -0.0232779643444253, -0.0199138161004778, -0.0165626769871759, -0.0132245502610511, -0.00989943918976530, -0.00658734705215558, -0.00328827713831747, -2.23274971616894e-6, 0.00327078280068022, 0.00653076618825074, 0.00977771407655800, 0.0130116231171738, 0.0162324899494962, 0.0194403112005590, 0.0193406254295839, 0.0193377593368636, 0.0194385169457802, 0.0196491106081023, 0.0199750400360999, 0.0204209905547030, 0.0209907556513083, 0.0216871872396503, 0.0225121750917494, 0.0234666548708318, 0.0245506423584521, 0.0257632900058410, 0.0271029609730257, 0.0285673153848064, 0.0301534035887678, 0.0318577616504831, 0.0336765050400388, 0.0356054173242120, 0.0376400315684062, 0.0397757029869535, 0.0420076721047393, 0.0443311182798849, 0.0467412038808839, 0.0492331097217101, 0.0517725375511996, 0.0542923733048919, 0.0567939967689221, 0.0592788042834705, 0.0617482037234495, 0.0642036096651681, 0.0666464387441149, 0.0690781052108036, 0.0715000166929168, 0.0763711202601692, 0.0812735060673362, 0.0861969784377905, 0.0911289495119257, 0.0960647034468518, 0.101001197917835, 0.105934519626239, 0.110859693114883, 0.115770126236841, 0.120656789384439, 0.125507014778734, 0.130302788859425, 0.135018460149477, 0.139618003808713, 0.144052547274792, 0.148259881235880, 0.152168718732810, 0.155709875316360, 0.158832419347125, 0.161517292914938, 0.164146181609892, 0.166788382637055, 0.169444093292953, 0.172113361793876, 0.174795643481385, 0.177488058732483, 0.180185870560778, 0.182887116101449, 0.185589822297999, 0.188292000754877, 0.190991642518044, 0.193686712880441, 0.194236525431338, 0.194853757179434, 0.195538998781852, 0.196292539246697, 0.197114346421915, 0.198004049150719, 0.198960921439566, 0.199983868993774, 0.201071418483608, 0.202221709910525, 0.204873949737860, 0.206148763526431, 0.207478938561871, 0.208861084584772, 0.210291447545007, 0.211765928867524, 0.213280110418628, 0.214829285466712, 0.216408495870707, 0.218012575639894, 0.219636200882914, 0.221273945995050, 0.222920345716382, 0.224569962427749, 0.226217457740498, 0.227857667090405, 0.229485675684832, 0.231096893802872, 0.233152311069556, 0.234720192478818, 0.236260361201332, 0.237770175865622, 0.240548146798708, 0.243344117390923, 0.245643999152703, 0.247927414471730, 0.250194355475335, 0.252444814226851, 0.254678782724557, 0.256896252900586, 0.259097216619826, 0.261281665678774, 0.263449591804378, 0.265600986652842, 0.267735841808404, 0.269854148782088, 0.271955899010413, 0.274041083854081, 0.276109694596630, 0.278161722443042, 0.280197158518329, 0.282215993866071, 0.284218219446920, 0.286203826137066, 0.288172804726653, 0.290125145918163, 0.292060840324747, 0.293979878468514, 0.295882250778769, 0.297767947590206, 0.299636959141041, 0.301489275571100, 0.303324886919846, 0.305143783124349, 0.306945954017195, 0.308731389324333, 0.310500078662857, 0.312252011538718, 0.313987177344367, 0.315705565356321, 0.317407164732658, 0.319091964510425, 0.320759953602962, 0.322411120797148, 0.324045454750545, 0.325662943988448, 0.327263576900842, 0.328847341739249, 0.330414226613465, 0.331964219488186, 0.333497308179513, 0.335013480351332, 0.336512723511561, 0.337995025008261, 0.339460372025599, 0.340908751579667, 0.342340150514127, 0.343754555495704, 0.345151953009491, 0.346532329354071, 0.347895670636447, 0.349241962766757, 0.350571191452780, 0.351883342194207, 0.353178400276666, 0.354456350765498, 0.355717178499253, 0.356960868082903, 0.358187403880749, 0.359396770009000, 0.360588950328014, 0.361763928434173, 0.362921687651362, 0.364062211022047, 0.365185481297904, 0.366291480929977, 0.367380192058341, 0.368451596501223, 0.369505675743554, 0.370542410924897, 0.371561782826730, 0.372563771859007, 0.373548358045965, 0.374515521011111, 0.375465239961323, 0.376397493669995, 0.377312260459157, 0.378209518180471, 0.379089244195017, 0.379951415351764, 0.380796007964604, 0.381622997787829, 0.382432359989896, 0.383224069125330, 0.383998099104568, 0.384754423161563, 0.385493013818901, 0.386213842850180, 0.386916881239357, 0.387602099136731, 0.388269465811181, 0.388918949598227, 0.389550517843408, 0.390164136840409, 0.390759771763265, 0.391337386591869, 0.391896944029869, 0.392438405413904, 0.392961730612903, 0.393466877915966, 0.393953803907034, 0.394422463324209, 0.394872808901118, 0.395304791187152, 0.395718358342680, 0.396113455904397, 0.396490026514731, 0.396848009607635, 0.397187341040916, 0.397507952662312, 0.397809771792516, 0.398092720602625, 0.398356715355401, 0.398601665467764, 0.398827472333992, 0.399034027821254, 0.399221212304336, 0.399388892031548, 0.399536915482132, 0.399665108129820, 0.399773264533272, 0.399861135581239, 0.399928405970931, 0.399974648692248, 0.399999209805691, 0.400000740298670]


WITHOUT OA------------------------------------------------------------------------------------------------------------------------------
('q computed by IK algo is: ', Matrix([
[   1.06172952573842],
[    1.2262746265186],
[  0.596075831005157],
[  -1.67337973307519],
[  0.312719951926354],
[   1.34848969993942],
[ -0.202321928224706],
[-0.0644934440846641]]))
('the q computed would result to pose: ', Matrix([
[  1.00000156532675],
[  1.00000080603422],
[ 0.400000598604977],
[ -2.14159579166759],
[  1.14159276623406],
[-0.141589106018921]]))
('the error in pose is: ', Matrix([
[-1.56532674955301e-6],
[-8.06034217148976e-7],
[-5.98604976698169e-7],
[ 3.13807779406261e-6],
[-1.12644261918149e-7],
[-3.54757087209223e-6]]))
[0.225224957674085, 0.230236703171579, 0.235231965819376, 0.240210753320019, 0.245173073502993, 0.250118934318478, 0.255048343831129, 0.259961310213866, 0.264857841741700, 0.269737946785584, 0.274601633806292, 0.279448911348346, 0.284279788033969, 0.289094272557094, 0.293892373677410, 0.298674100214460, 0.303439461041796, 0.308188465081179, 0.312921121296849, 0.317637438689844, 0.322337426292385, 0.327021093162334, 0.331688448377706, 0.336339501031257, 0.340974260225144, 0.345592735065658, 0.350194934658025, 0.354780868101291, 0.359350544483284, 0.363903972875648, 0.368441162328966, 0.372962121867960, 0.377466860486774, 0.381955387144343, 0.386427710759845, 0.390883840208237, 0.395323784315878, 0.399747551856243, 0.404155151545717, 0.408546592039484, 0.412921881927497, 0.417279606960123, 0.421618160234031, 0.425939406089305, 0.430243858433982, 0.434531728111061, 0.438803127895970, 0.443058128566600, 0.447296779672225, 0.451519118774922, 0.455725176102368, 0.459914977109285, 0.464088543986477, 0.468245896598453, 0.472387053091549, 0.476512030302483, 0.480620844041023, 0.484713509290477, 0.488790040352921, 0.492850450956331, 0.496894754334851, 0.500922963289744, 0.504935090236221, 0.508931147239789, 0.512911146044689, 0.516875098096329, 0.520823014559072, 0.524754906330431, 0.528670784052415, 0.532570658120655, 0.536454538691737, 0.540322435689108, 0.544174358807837, 0.548010317518432, 0.551830321069919, 0.555634378492286, 0.559422498598440, 0.563194689985737, 0.566950961037190, 0.570691319922390, 0.574415774598208, 0.578124332809311, 0.581817002088531, 0.585493789757114, 0.589154702924869, 0.592799748490251, 0.596428933140371, 0.600042263350978, 0.603639745386394, 0.607221385299433, 0.610787188931308, 0.614337161911527, 0.617871309657788, 0.621389637375881, 0.624892150059596, 0.628378852490645, 0.631849749238595, 0.635304844660823, 0.638744142902483, 0.642167647896501, 0.645575363363589, 0.648967292812279, 0.652343439538983, 0.655703806628076, 0.659048396952003, 0.662377213171414, 0.665690257735312, 0.668987532881240, 0.672269040635478, 0.675534782813274, 0.678784761019089, 0.682018976646871, 0.685237430880346, 0.688440124693334, 0.691627058850080, 0.694798233905611, 0.697953650206105, 0.701093307889283, 0.704217206884817, 0.707325346914753, 0.710417727493946, 0.713494347930517, 0.716555207326321, 0.719600304577418, 0.722629638374571, 0.725643207203742, 0.728641009346604, 0.731623042881060, 0.734589305681764, 0.737539795420663, 0.740474509567524, 0.743393445390484, 0.746296599956594, 0.749183970132362, 0.752055552584311, 0.754911343779520, 0.757751339986178, 0.760575537274131, 0.763383931515423, 0.766176518384836, 0.768953293360431, 0.771714251724070, 0.774459388561943, 0.777188698765077, 0.779902177029849, 0.782599817858469, 0.785281615559475, 0.787947564248192, 0.790597657847199, 0.793231890086764, 0.795850254505275, 0.798452744449646, 0.801039353075714, 0.803610073348604, 0.806164898043088, 0.808703819743910, 0.811226830846101, 0.813733923555255, 0.816225089887797, 0.818700321671207, 0.821159610544233, 0.823602947957065, 0.826030325171481, 0.828441733260964, 0.830837163110786, 0.833216605418055, 0.835580050691729, 0.837927489252594, 0.840258911233204, 0.842574306577778, 0.844873665042061, 0.847156976193136, 0.849424229409200, 0.851675413879287, 0.853910518602946, 0.856129532389871, 0.858332443859479, 0.860519241440437, 0.862689913370130, 0.864844447694077, 0.866982832265288, 0.869105054743557, 0.871211102594696, 0.873300963089703, 0.875374623303863, 0.877432070115778, 0.879473290206327, 0.881498270057552, 0.883506995951463, 0.885499453968769, 0.887475629987518, 0.889435509681664, 0.891379078519529, 0.893306321762187, 0.895217224461744, 0.897111771459521, 0.898989947384140, 0.900851736649490, 0.902697123452598, 0.904526091771373, 0.906338625362235, 0.908134707757625, 0.909914322263372, 0.911677451955942, 0.913424079679538, 0.915154188043054, 0.916867759416881, 0.918564775929557, 0.920245219464244, 0.921909071655045, 0.923556313883132, 0.925186927272692, 0.926800892686679, 0.928398190722357, 0.929978801706634, 0.931542705691170, 0.933089882447252, 0.934620311460428, 0.936133971924877, 0.937630842737512, 0.939110902491806, 0.940574129471315, 0.942020501642888, 0.943449996649555, 0.944862591803065, 0.946258264076058, 0.947636990093862, 0.948998746125873, 0.950343508076520, 0.951671251475770, 0.952981951469159, 0.954275582807317, 0.955552119834957, 0.956811536479302, 0.958053806237898, 0.959278902165798, 0.960486796862061, 0.961677462455526, 0.962850870589818, 0.964006992407526, 0.965145798533505, 0.966267259057241, 0.967371343514203, 0.968458020866123, 0.969527259480123, 0.970579027106590, 0.971613290855726, 0.972630017172650, 0.973629171810958, 0.974610719804597, 0.975574625437927, 0.976520852213825, 0.977449362819646, 0.978360119090869, 0.979253081972216, 0.980128211476017, 0.980985466637553, 0.981824805467108, 0.982646184898389, 0.983449560732959, 0.984234887580276, 0.985002118792865, 0.985751206396109, 0.986482101012051, 0.987194751776524, 0.987889106248832, 0.988565110313070, 0.989222708070050, 0.989861841718619, 0.990482451424957, 0.991084475178217, 0.991667848630559, 0.992232504919281, 0.992778374468326, 0.993305384765884, 0.993813460114174, 0.994302521346592, 0.994772485506434, 0.995223265479939, 0.995654769574745, 0.996066901032477, 0.996459557461193, 0.996832630169351, 0.997186003377425, 0.997519553275644, 0.997833146885612, 0.998126640668050, 0.998399878796207, 0.998652690980108, 0.998884889673368, 0.999096266408094, 0.999286586858630, 0.999455583979203, 0.999602948081421, 0.999728311749354, 0.999831225336380, 0.999911113337960, 0.999967185361780, 0.999998208107818, 1.00000156532675]
[0.00638247755656920, 0.0127453969537623, 0.0190887635104461, 0.0254125822843994, 0.0317168580705779, 0.0380015953995425, 0.0442667985360450, 0.0505124714777714, 0.0567386179542384, 0.0629452414258425, 0.0691323450830580, 0.0752999318457812, 0.0814480043628180, 0.0875765650115137, 0.0936856158975199, 0.0997751588546965, 0.105845195445147, 0.111895726959384, 0.117926754416617, 0.123938278565168, 0.129930299883010, 0.135902818578411, 0.141855834590706, 0.147789347591173, 0.153703356984019, 0.159597861907468, 0.165472861234953, 0.171328353576410, 0.177164337279662, 0.182980810431894, 0.188777770861230, 0.194555216138376, 0.200313143578366, 0.206051550242372, 0.211770432939605, 0.217469788229276, 0.223149612422640, 0.228809901585100, 0.234450651538377, 0.240071857862749, 0.245673515899338, 0.251251967364290, 0.256804317104414, 0.262335138538382, 0.267845534869620, 0.273335928557555, 0.278806529273647, 0.284257456731615, 0.289688785342732, 0.295100563906459, 0.300492825487919, 0.305865592855162, 0.311218881690724, 0.316552702596679, 0.321867062403916, 0.327161965059456, 0.332437412246963, 0.337693403832512, 0.342929938192400, 0.348147012459231, 0.353344622710070, 0.358522764112702, 0.363681431041039, 0.368820617167442, 0.373940315537521, 0.379040518631460, 0.384121218414852, 0.389182406381280, 0.394224073588334, 0.399246210688371, 0.404248807955009, 0.409231855306159, 0.414195342324187, 0.419139258273722, 0.424063592117498, 0.428968332530534, 0.433853467912932, 0.438718986401489, 0.443564875880295, 0.448391123990478, 0.453197718139193, 0.457984645507969, 0.462751893060490, 0.467499447549890, 0.472227295525604, 0.476935423339843, 0.481623817153732, 0.486292462943135, 0.490941346504214, 0.495570453458747, 0.500179769259215, 0.504769279193698, 0.509338968390581, 0.513888821823092, 0.518418824313692, 0.522928960538310, 0.527419215030461, 0.531889572185220, 0.536340016263100, 0.540770531393807, 0.545181101579899, 0.549571710700342, 0.553942342513979, 0.558292980662908, 0.562623608675773, 0.566934209970978, 0.571224767859821, 0.575495265549550, 0.579745686146349, 0.583976012658256, 0.588186227998001, 0.592376314985792, 0.596546256352022, 0.600696034739920, 0.604825632708135, 0.608935032733263, 0.613024217212307, 0.617093168465084, 0.621141868736566, 0.625170300199171, 0.629178444954992, 0.633166285037971, 0.637133802416015, 0.641080978993061, 0.645007796611084, 0.648914237052046, 0.652800282039805, 0.656665913241954, 0.660511112271616, 0.664335860689189, 0.668140140004033, 0.671923931676106, 0.675687217117551, 0.679429977694231, 0.683152194727209, 0.686853849494188, 0.690534923230884, 0.694195397132364, 0.697835252354325, 0.701454470014328, 0.705053031192974, 0.708630916935045, 0.712188108250579, 0.715724586115909, 0.719240331474643, 0.722735325238601, 0.726209548288702, 0.729662981475798, 0.733095605621465, 0.736507401518744, 0.739898349932824, 0.743268431601692, 0.746617627236723, 0.749945917523223, 0.753253283120925, 0.756539704664437, 0.759805162763638, 0.763049638004027, 0.766273110947025, 0.769475562130222, 0.772656972067579, 0.775817321249582, 0.778956590143342, 0.782074759192648, 0.785171808817968, 0.788247719416403, 0.791302471361588, 0.794336045003539, 0.797348420668458, 0.800339578658475, 0.803309499251349, 0.806258162700106, 0.809185549232635, 0.812091639051222, 0.814976412332033, 0.817839849224545, 0.820681929850917, 0.823502634305312, 0.826301942653158, 0.829079834930347, 0.831836291142390, 0.834571291263501, 0.837284815235622, 0.839976842967398, 0.842647354333076, 0.845296329171350, 0.847923747284142, 0.850529588435313, 0.853113832349310, 0.855676458709749, 0.858217447157921, 0.860736777291231, 0.863234428661567, 0.865710380773589, 0.868164613082947, 0.870597104994414, 0.873007835859949, 0.875396784976667, 0.877763931584728, 0.880109254865145, 0.882432733937487, 0.884734347857506, 0.887014075614658, 0.889271896129527, 0.891507788251146, 0.893721730754217, 0.895913702336217, 0.898083681614391, 0.900231647122628, 0.902357577308216, 0.904461450528472, 0.906543245047230, 0.908602939031211, 0.910640510546227, 0.912655937553256, 0.914649197904352, 0.916620269338395, 0.918569129476672, 0.920495755818280, 0.922400125735349, 0.924282216468064, 0.926142005119486, 0.927979468650169, 0.929794583872537, 0.931587327445040, 0.933357675866058, 0.935105605467541, 0.936831092408382, 0.938534112667497, 0.940214642036601, 0.941872656112659, 0.943508130290006, 0.945121039752090, 0.946711359462853, 0.948279064157689, 0.949824128333985, 0.951346526241201, 0.952846231870462, 0.954323218943635, 0.955777460901858, 0.957208930893478, 0.958617601761359, 0.960003446029521, 0.961366435889060, 0.962706543183298, 0.964023739392100, 0.965317995615305, 0.966589282555200, 0.967837570497961, 0.969062829293977, 0.970265028336976, 0.971444136541837, 0.972600122321000, 0.973732953559330, 0.974842597587313, 0.975929021152434, 0.976992190388555, 0.978032070783125, 0.979048627142000, 0.980041823551631, 0.981011623338375, 0.981957989024600, 0.982880882281273, 0.983780263876619, 0.984656093620425, 0.985508330303479, 0.986336931631560, 0.987141854153322, 0.987923053181283, 0.988680482705025, 0.989414095295562, 0.990123841999622, 0.990809672222400, 0.991471533597050, 0.992109371838842, 0.992723130581508, 0.993312751192775, 0.993878172565406, 0.994419330879266, 0.994936159328805, 0.995428587808979, 0.995896542550751, 0.996339945694837, 0.996758714789007, 0.997152762189619, 0.997521994341561, 0.997866310901481, 0.998185603655588, 0.998479755162785, 0.998748637022242, 0.998992107613603, 0.999210009073053, 0.999402163119317, 0.999568365065836, 0.999708374798036, 0.999821902264189, 0.999908581941105, 0.999967921436444, 0.999999172024419, 1.00000080603422]
[-0.228248730650820, -0.224173869067637, -0.220111847490349, -0.216062668896867, -0.212026336266994, -0.208002852582469, -0.203992220827020, -0.199994443986424, -0.196009525048566, -0.192037467003511, -0.188078272843574, -0.184131945563403, -0.180198488160060, -0.176277903633108, -0.172370194984708, -0.168475365219715, -0.164593417345779, -0.160724354373452, -0.156868179316300, -0.153024895191019, -0.149194505017549, -0.145377011819202, -0.141572418622785, -0.137780728458735, -0.134001944361245, -0.130236069368412, -0.126483106522367, -0.122743058869427, -0.119015929460240, -0.115301721349935, -0.111600437598275, -0.107912081269816, -0.104236655434063, -0.100574163165637, -0.0969246075444337, -0.0932879916557979, -0.0896643185906884, -0.0860535914458530, -0.0824558133240034, -0.0788709873339922, -0.0752991165909931, -0.0717402069122926, -0.0681942637553506, -0.0646612867717546, -0.0611412782243825, -0.0576342409140685, -0.0541401778184447, -0.0506590919955586, -0.0471909865484577, -0.0437358646094896, -0.0402937293324350, -0.0368645838882211, -0.0334484314624455, -0.0300452752538923, -0.0266551184736236, -0.0232779643444253, -0.0199138161004778, -0.0165626769871759, -0.0132245502610511, -0.00989943918976530, -0.00658734705215558, -0.00328827713831747, -2.23274971616894e-6, 0.00327078280068022, 0.00653076618825074, 0.00977771407655800, 0.0130116231171738, 0.0162324899494962, 0.0194403112005590, 0.0226350834848348, 0.0258168034040334, 0.0289854675468948, 0.0321410724889790, 0.0352836147924512, 0.0384130910058649, 0.0415294976639410, 0.0446328312873443, 0.0477230883824584, 0.0508002654411565, 0.0538643589405715, 0.0569153653428624, 0.0599532810949802, 0.0629781026284298, 0.0659898263590315, 0.0689884486866793, 0.0719739659950978, 0.0749463746515970, 0.0779056710068247, 0.0808518513945173, 0.0837849121312488, 0.0867048495161764, 0.0896116598307862, 0.0925053393386349, 0.0953858842850901, 0.0982532908970686, 0.101107555382772, 0.103948673931421, 0.106776642712987, 0.109591457877919, 0.112393115556872, 0.115181611860431, 0.117956942878835, 0.120719104681689, 0.123468093317690, 0.126203904814332, 0.128926535177624, 0.131635980391793, 0.134332236418992, 0.137015299199002, 0.139685164648931, 0.142341828662910, 0.144985287111784, 0.147615535842805, 0.150232570679316, 0.152836387420433, 0.155426981840725, 0.158004349689888, 0.160568486692420, 0.163119388547282, 0.165657050927567, 0.168181469480158, 0.170692639825381, 0.173190557556657, 0.175675218240148, 0.178146617414400, 0.180604750589976, 0.183049613249090, 0.185481200845236, 0.187899508802803, 0.190304532516698, 0.192696267351953, 0.195074708643331, 0.197439851694924, 0.199791691779748, 0.202130224139328, 0.204455443983282, 0.206767346488890, 0.209065926800667, 0.211351180029918, 0.213623101254298, 0.215881685517352, 0.218126927828056, 0.220358823160349, 0.222577366452654, 0.224782552607394, 0.226974376490497, 0.229152832930896, 0.231317916720014, 0.233469622611246, 0.235607945319428, 0.237732879520299, 0.239844419849946, 0.241942560904251, 0.244027297238313, 0.246098623365869, 0.248156533758705, 0.250201022846042, 0.252232085013926, 0.254249714604597, 0.256253905915844, 0.258244653200355, 0.260221950665043, 0.262185792470365, 0.264136172729624, 0.266073085508258, 0.267996524823112, 0.269906484641694, 0.271802958881412, 0.273685941408804, 0.275555426038738, 0.277411406533601, 0.279253876602470, 0.281082829900258, 0.282898260026848, 0.284700160526200, 0.286488524885442, 0.288263346533932, 0.290024618842304, 0.291772335121490, 0.293506488621713, 0.295227072531459, 0.296934079976422, 0.298627504018422, 0.300307337654294, 0.301973573814751, 0.303626205363214, 0.305265225094615, 0.306890625734161, 0.308502399936072, 0.310100540282282, 0.311685039281102, 0.313255889365847, 0.314813082893429, 0.316356612142900, 0.317886469313965, 0.319402646525443, 0.320905135813684, 0.322393929130948, 0.323869018343720, 0.325330395230991, 0.326778051482474, 0.328211978696770, 0.329632168379479, 0.331038611941244, 0.332431300695743, 0.333810225857608, 0.335175378540279, 0.336526749753792, 0.337864330402484, 0.339188111282629, 0.340498083079990, 0.341794236367288, 0.343076561601585, 0.344345049121566, 0.345599689144736, 0.346840471764510, 0.348067386947198, 0.349280424528873, 0.350479574212135, 0.351664825562740, 0.352836168006105, 0.353993590823678, 0.355137083149166, 0.356266633964609, 0.357382232096296, 0.358483866210522, 0.359571524809158, 0.360645196225042, 0.361704868617173, 0.362750529965694, 0.363782168066661, 0.364799770526573, 0.365803324756658, 0.366792817966904, 0.367768237159800, 0.368729569123792, 0.369676800426422, 0.370609917407133, 0.371528906169716, 0.372433752574385, 0.373324442229438, 0.374200960482486, 0.375063292411230, 0.375911422813723, 0.376745336198115, 0.377565016771818, 0.378370448430058, 0.379161614743766, 0.379938498946754, 0.380701083922121, 0.381449352187824, 0.382183285881350, 0.382902866743403, 0.383608076100537, 0.384298894846620, 0.384975303423047, 0.385637281797565, 0.386284809441599, 0.386917865305913, 0.387536427794460, 0.388140474736226, 0.388729983354859, 0.389304930235857, 0.389865291291027, 0.390411041719931, 0.390942155967948, 0.391458607680563, 0.391960369653408, 0.392447413777521, 0.392919710979197, 0.393377231153691, 0.393819943091926, 0.394247814399174, 0.394660811404514, 0.395058899059619, 0.395442040825145, 0.395810198542617, 0.396163332289247, 0.396501400212540, 0.396824358340777, 0.397132160364462, 0.397424757382540, 0.397702097605423, 0.397964126004502, 0.398210783894558, 0.398442008430899, 0.398657731996461, 0.398857881444494, 0.399042377147931, 0.399211131784025, 0.399364048746689, 0.399501020018471, 0.399621923227680, 0.399726617417692, 0.399814936656293, 0.399886679729731, 0.399941591944176, 0.399979328344454, 0.399999360595550, 0.400000598604977]

